100
100
47 17 84 14 88 96 79 19 58 63 39 40 66 43 22 32 94 69 18 39 64 27 89 88 77 41 66 97 18 46 63 38 75 42 26 33 56 73 66 16 94 49 11 52 76 42 90 82 66 93 46 37 17 65 87 91 28 85 92 34 31 86 13 79 26 19 11 62 50 89 67 55 81 51 10 72 62 89 14 33 12 94 17 39 73 67 35 27 57 93 52 57 19 33 71 66 18 58 90 94
95 97 18 58 85 65 28 90 13 49 37 86 15 50 25 11 11 29 34 74 27 86 77 72 14 31 31 65 77 26 83 58 40 64 71 65 82 41 44 66 75 49 69 61 81 18 54 23 83 14 50 29 35 11 88 38 84 80 89 72 16 17 33 76 81 48 87 30 92 87 18 63 80 76 55 35 39 16 97 91 30 99 22 63 29 77 20 14 70 88 52 90 47 21 99 29 29 90 49 25
36 95 62 76 42 23 28 17 53 60 59 12 41 88 28 96 99 19 88 53 53 55 57 57 26 90 70 38 87 31 80 98 72 30 29 49 95 59 31 65 92 18 12 32 52 16 72 67 61 16 78 59 84 80 59 64 91 67 27 23 71 97 48 19 46 28 17 55 37 77 59 57 75 85 53 66 34 45 63 49 56 54 52 39 37 91 79 74 74 49 36 11 39 69 89 54 60 82 36 25
98 87 88 18 20 81 43 33 51 48 24 91 45 35 29 71 53 98 46 28 38 21 85 26 25 96 29 90 92 30 98 51 31 37 73 80 59 51 30 45 60 97 83 50 19 21 84 77 98 62 13 32 51 50 23 54 19 44 80 21 47 59 53 48 19 50 43 52 14 58 22 69 14 83 15 84 98 81 39 81 42 87 43 46 82 62 16 78 70 22 14 64 87 82 43 18 49 57 91 72
83 50 64 43 81 53 73 59 54 94 51 81 67 67 42 43 85 96 32 48 40 52 58 58 16 29 86 22 15 73 24 45 88 13 41 71 18 93 73 30 33 39 79 98 76 23 39 39 87 12 22 76 83 74 40 63 72 22 17 56 79 85 88 87 21 65 37 32 97 64 30 60 78 14 36 29 30 54 58 75 15 52 74 15 67 94 24 96 82 70 62 37 24 22 77 86 58 95 51 17
59 97 29 91 93 91 67 38 48 65 12 66 72 61 46 26 54 31 20 10 52 81 50 51 80 52 54 42 82 80 60 42 86 40 19 58 35 55 75 93 19 94 78 50 37 70 17 50 71 92 90 71 53 90 44 40 91 84 29 90 72 16 96 43 57 21 16 18 82 17 60 61 98 66 36 88 80 43 85 88 64 53 62 13 87 69 78 20 49 11 16 32 92 15 64 17 28 76 46 99
76 74 19 37 93 67 22 73 77 41 37 22 20 23 48 57 59 42 19 43 77 19 35 64 83 91 84 67 54 38 24 95 74 45 32 19 94 99 79 71 78 56 26 35 78 58 98 69 66 24 65 35 75 78 85 49 11 81 14 86 40 40 50 16 74 32 75 52 29 75 18 95 85 74 80 69 67 90 90 74 61 94 33 60 40 61 71 74 16 70 95 76 82 26 53 92 75 61 92 30
77 75 41 39 57 47 58 82 76 25 41 18 37 44 99 45 48 31 35 80 62 32 22 49 60 19 27 97 65 71 71 46 15 42 73 39 20 56 89 11 33 34 83 58 44 61 54 49 98 59 43 12 39 35 13 15 36 62 13 91 73 11 44 16 42 26 33 96 80 84 78 27 51 29 73 96 26 22 69 31 70 15 18 84 22 94 33 10 29 74 77 41 15 69 34 68 81 70 66 81
76 74 25 69 46 39 59 75 17 83 70 55 78 23 62 90 53 12 72 56 53 72 37 51 94 68 32 87 79 54 45 51 48 55 96 84 78 23 47 39 91 29 28 23 24 75 57 13 32 47 74 39 69 56 59 32 60 83 97 97 87 96 34 47 87 31 48 56 66 40 17 60 26 67 24 85 61 58 51 40 61 93 17 98 87 14 69 72 95 63 12 60 32 45 54 35 35 64 44 28
21 44 33 52 87 34 40 94 48 10 85 38 94 78 41 68 22 86 80 32 16 59 63 92 47 56 66 28 70 24 53 72 34 98 55 53 77 22 80 57 50 27 76 25 27 93 94 53 24 79 69 44 37 74 20 70 28 54 32 78 32 82 46 99 47 67 50 33 14 44 75 49 12 65 51 81 21 33 85 73 91 29 90 53 95 52 69 78 95 79 84 66 39 39 25 55 24 82 50 80
10 88 28 56 19 60 66 64 55 74 46 98 35 56 86 21 66 33 59 32 43 24 56 83 90 45 43 12 49 88 57 47 16 37 25 64 75 74 92 85 10 55 82 49 52 37 25 29 89 18 94 37 80 36 15 61 90 84 39 57 82 20 90 37 17 30 56 51 59 18 67 10 22 65 91 39 43 72 29 42 22 27 80 44 45 69 79 60 72 56 30 35 61 43 82 27 82 81 27 88
77 86 35 81 64 65 61 97 96 17 35 45 72 26 25 24 61 75 58 51 20 94 68 17 95 79 21 50 29 73 42 14 81 76 53 47 29 44 79 56 47 62 35 53 88 55 54 79 14 97 54 52 66 86 92 15 76 80 10 63 88 65 61 40 86 21 48 27 38 58 20 48 46 24 68 74 24 68 16 79 42 87 23 67 84 60 72 68 11 40 65 67 59 53 65 61 88 56 91 31
22 65 86 96 76 73 60 63 12 93 11 23 30 96 23 52 45 16 87 35 92 81 82 70 88 45 43 16 58 76 70 62 74 75 46 68 70 69 18 63 95 88 48 48 64 86 95 82 96 65 75 29 95 68 82 50 58 39 20 34 62 99 70 13 78 42 84 27 38 23 56 92 42 22 42 44 33 72 63 32 20 90 70 29 74 16 42 19 77 80 89 74 10 51 75 64 56 39 78 14
61 54 28 13 80 75 73 80 69 29 68 14 14 31 91 57 51 30 24 66 84 50 33 87 44 93 30 36 35 17 14 61 36 59 53 38 18 78 42 53 33 57 94 41 80 91 16 58 68 87 73 56 35 53 31 89 60 40 10 16 92 38 96 46 25 60 42 18 75 73 38 96 28 41 40 90 85 32 25 97 85 57 26 48 26 71 80 84 81 20 47 78 69 45 88 34 60 13 91 26
12 31 93 85 44 77 17 18 29 43 68 87 95 32 59 64 88 98 38 67 40 62 93 10 52 40 66 80 68 49 54 48 19 73 25 88 26 89 10 91 21 87 40 89 59 36 23 83 91 79 10 12 80 72 19 63 29 42 57 19 40 29 29 49 98 42 41 88 61 26 58 21 61 87 58 69 77 43 43 36 91 90 38 65 50 39 37 46 17 30 49 23 69 15 45 71 40 20 88 23
76 82 37 74 79 25 70 85 13 66 22 77 50 18 68 51 33 37 45 43 46 33 20 69 35 91 84 10 29 14 73 12 83 82 25 81 16 93 92 93 58 45 71 89 22 88 41 85 76 98 56 85 89 39 45 66 67 44 80 93 89 84 99 86 62 15 17 23 13 94 56 74 83 23 25 55 90 31 49 84 79 90 23 66 95 41 81 18 18 22 22 86 98 76 94 32 79 12 40 54
26 59 46 57 72 56 59 12 68 74 98 60 91 72 19 59 46 56 26 26 89 49 51 12 39 18 76 75 72 98 32 74 83 24 62 22 82 89 50 69 18 49 77 84 78 72 39 28 45 95 27 67 39 21 56 86 49 98 75 72 99 87 34 99 92 25 15 83 16 92 92 15 29 80 30 71 88 71 23 99 86 92 21 92 98 70 39 87 49 75 62 26 17 50 19 66 53 20 48 95
44 44 94 29 45 77 13 89 25 89 14 21 19 17 54 89 15 64 49 25 66 77 48 69 53 62 21 21 42 83 50 93 80 20 68 34 12 97 41 34 24 66 60 19 59 71 49 32 22 32 43 23 93 25 33 25 54 44 37 55 68 18 24 30 48 93 15 42 76 32 93 31 79 70 81 51 14 17 25 96 29 12 39 53 64 50 88 54 87 29 77 89 93 72 23 19 76 98 31 74
15 10 22 76 47 69 11 27 92 64 56 84 74 35 84 12 42 53 90 63 57 92 39 23 17 91 15 75 56 34 53 96 86 41 20 90 51 96 79 55 61 64 37 41 44 78 67 30 36 56 15 42 69 41 96 48 97 58 58 34 10 44 66 47 81 83 21 34 52 64 74 64 63 70 24 15 85 93 85 36 91 50 88 63 40 13 18 46 83 29 32 94 42 48 20 12 10 58 36 69
27 57 75 28 97 40 24 97 96 63 83 30 37 97 61 70 42 46 96 35 73 41 75 15 82 84 62 31 15 76 73 64 26 23 46 83 91 72 53 81 80 73 28 22 57 44 82 39 20 59 35 15 70 39 64 71 67 47 38 34 43 92 36 53 23 94 47 83 34 44 21 61 18 57 57 92 26 82 36 99 24 37 66 65 64 48 84 46 15 51 60 67 18 63 44 41 88 72 55 56
39 10 26 38 89 49 86 83 13 42 13 97 13 83 90 49 40 58 91 68 65 52 19 74 52 97 51 60 10 98 85 74 82 73 45 39 93 54 30 45 68 35 32 27 55 33 79 57 26 42 25 73 60 75 76 51 34 69 26 28 74 33 38 75 98 91 21 95 92 63 84 31 84 16 26 98 73 30 69 27 44 35 76 50 83 45 75 43 75 47 93 34 31 14 51 49 30 54 87 43
21 69 26 71 87 83 44 58 59 72 46 56 28 70 90 49 48 47 96 27 95 38 46 46 67 38 90 89 35 51 97 88 66 58 27 36 43 98 42 71 17 58 50 56 36 29 98 10 14 47 86 31 66 61 60 88 11 34 10 31 93 19 16 68 41 65 54 83 57 19 29 68 46 41 49 17 75 51 12 22 80 14 10 31 49 88 79 49 29 58 96 40 28 58 10 98 60 96 59 35
36 90 13 95 36 27 23 33 39 80 11 94 60 60 14 41 16 54 77 48 68 76 73 90 87 20 47 76 27 51 78 76 70 66 91 19 61 19 46 21 19 25 39 18 37 72 16 92 83 41 81 60 63 96 65 95 61 16 49 30 86 60 14 94 94 33 30 55 30 51 28 18 68 61 28 86 65 78 92 34 18 52 80 97 59 80 89 89 54 21 41 50 83 38 72 55 15 34 19 84
61 57 96 39 86 92 68 44 21 34 10 21 54 25 86 70 72 31 60 95 78 75 39 20 80 80 78 62 62 82 96 75 37 87 24 82 99 25 82 54 93 23 95 53 77 84 69 10 68 49 52 12 95 38 91 42 15 94 93 30 48 72 28 61 29 16 23 89 87 75 81 74 21 61 97 55 40 75 91 78 51 38 52 80 62 85 90 42 92 15 86 71 11 32 49 14 32 70 38 31
15 21 59 88 78 87 14 21 68 78 13 45 79 17 83 49 35 34 21 31 33 60 87 15 41 15 10 48 61 47 19 28 29 34 51 30 26 84 22 87 92 48 63 22 69 84 82 11 27 66 99 41 72 64 99 33 30 57 21 90 96 81 86 97 82 23 48 93 16 82 62 67 43 78 44 14 99 76 34 15 49 11 98 59 52 84 50 99 61 33 60 26 92 97 73 74 42 51 83 85
90 30 12 47 92 15 95 32 12 85 11 76 55 40 36 54 50 21 56 64 60 72 84 67 17 68 97 42 94 27 24 18 37 27 86 78 80 94 82 60 61 97 40 55 65 94 19 74 35 89 13 21 90 31 38 14 76 49 11 18 44 42 32 48 41 45 94 89 97 75 16 93 73 24 13 36 90 83 38 75 16 48 66 63 60 85 53 62 83 96 11 60 29 64 11 11 97 15 48 45
82 79 28 12 16 62 70 35 36 90 81 15 63 38 82 46 42 82 82 93 63 52 87 34 12 34 35 22 28 37 43 12 23 27 95 38 96 27 93 58 28 46 75 76 87 11 64 74 61 84 27 36 76 44 75 98 65 25 37 31 24 79 52 67 55 29 88 49 78 98 43 36 27 98 70 58 55 43 55 80 19 59 60 82 95 29 50 55 61 51 12 95 97 91 13 12 98 86 50 76
69 84 83 47 62 41 17 59 82 41 77 80 30 71 58 67 45 62 68 69 60 50 73 44 76 98 19 98 46 95 48 88 47 10 22 86 92 43 23 83 26 75 64 26 44 84 31 80 50 92 58 29 21 15 21 94 19 67 79 97 35 37 85 12 47 50 35 32 80 63 59 40 83 84 62 60 69 51 12 35 86 21 34 40 34 39 25 20 41 25 95 84 51 84 67 75 95 44 68 37
82 34 17 32 70 88 90 26 23 62 63 37 84 64 96 81 96 13 63 16 68 43 51 73 40 47 29 14 40 81 86 94 52 42 92 70 29 63 34 74 75 77 35 38 88 87 49 60 80 51 98 21 42 88 93 30 90 13 91 20 54 85 44 53 72 85 45 26 11 81 88 73 96 25 89 26 72 85 63 12 52 72 29 86 44 84 60 24 56 83 77 96 36 86 20 97 21 62 83 98
85 16 41 88 89 90 39 21 13 37 70 62 52 63 38 67 81 63 69 46 15 68 44 92 72 89 38 78 41 40 22 29 16 52 18 60 68 78 71 55 47 51 53 27 14 88 38 42 97 72 42 72 19 27 40 15 25 70 54 53 49 38 92 78 94 17 21 83 22 42 44 60 17 92 53 56 12 73 63 18 95 86 39 89 59 19 69 91 76 50 11 69 74 93 37 95 97 92 42 97
25 43 70 60 17 93 76 32 69 17 62 35 39 28 95 21 25 77 33 17 79 75 50 16 90 65 63 91 63 21 92 31 36 18 88 42 53 28 75 70 55 46 35 32 38 17 91 71 54 30 87 75 47 63 23 31 33 97 75 72 94 77 77 12 52 77 39 46 19 84 45 45 50 36 49 51 19 66 94 86 80 58 89 93 72 70 32 39 12 12 43 85 22 48 59 44 69 68 16 46
29 59 43 94 49 39 98 15 96 11 79 84 40 46 13 53 78 80 68 42 42 62 53 81 85 45 80 33 55 46 82 68 44 34 39 40 88 81 88 66 38 25 67 22 23 84 55 51 93 47 43 18 91 13 84 14 51 30 38 66 14 13 49 23 90 85 26 59 29 29 42 56 62 32 44 37 14 78 58 90 93 53 30 65 95 30 87 49 63 18 67 80 99 20 72 81 16 35 56 86
11 97 22 61 94 72 98 91 58 31 24 52 37 29 43 25 47 35 15 82 54 26 69 60 14 31 46 28 47 18 11 79 92 98 88 98 96 84 98 26 22 79 69 43 51 67 22 74 60 63 31 64 15 99 12 61 14 44 69 78 47 32 77 34 73 89 64 70 86 73 34 69 26 55 20 66 62 95 59 63 87 15 78 28 35 93 99 29 77 73 21 88 41 15 90 30 39 74 28 78
81 25 90 80 94 51 64 60 94 59 93 34 40 12 35 55 26 68 87 19 66 38 59 18 74 26 82 85 79 74 69 89 51 95 75 64 37 69 89 13 52 28 26 95 97 28 68 27 40 41 27 26 94 68 42 33 64 15 78 61 12 23 20 63 64 23 93 24 13 46 75 16 73 62 63 49 76 11 21 34 17 54 55 56 14 83 56 65 48 39 48 34 76 63 15 52 84 43 35 77
48 12 58 99 45 53 50 84 69 78 72 32 85 67 30 14 56 16 79 24 40 34 96 14 18 97 25 81 55 74 39 43 31 83 21 13 22 68 81 12 36 71 61 84 20 22 21 43 16 80 69 68 27 74 19 95 18 70 13 74 55 14 63 31 34 89 35 35 76 85 83 55 44 85 25 48 68 53 78 36 68 23 44 68 37 17 28 44 61 40 19 74 59 26 31 11 82 36 68 39
86 73 63 20 21 46 98 71 77 63 22 30 90 90 21 87 85 51 73 24 28 78 65 26 90 56 44 80 76 98 48 33 23 33 74 24 10 59 41 67 64 27 48 69 83 62 63 20 93 33 14 11 65 55 59 40 91 77 23 75 55 80 93 48 53 67 29 60 63 21 16 58 76 55 79 64 58 69 72 41 88 46 75 13 41 44 47 41 57 74 62 64 56 27 37 78 91 16 56 22
38 78 31 91 18 81 67 84 57 86 29 59 92 38 62 17 35 23 13 64 93 51 49 13 16 77 64 97 55 60 18 29 71 36 92 41 32 37 12 31 89 75 49 62 43 98 75 69 40 86 12 21 89 20 21 19 78 31 65 69 59 90 54 42 92 76 49 14 97 83 80 48 75 26 38 54 49 14 84 98 80 99 59 28 43 70 93 45 82 93 66 22 94 75 43 67 83 11 42 84
88 79 88 44 46 88 20 20 12 20 64 72 52 65 30 78 81 43 60 74 27 28 25 16 77 36 60 85 44 12 41 13 46 27 52 84 55 78 32 97 57 53 47 48 93 57 14 33 14 81 85 75 39 29 27 89 91 22 16 34 21 15 80 77 70 65 78 69 27 39 82 73 29 60 62 14 63 39 63 17 35 92 65 29 71 57 95 90 75 74 52 71 20 42 98 90 93 96 95 69
16 16 33 44 61 29 81 70 39 28 91 60 11 47 24 78 11 93 13 76 31 80 79 23 96 81 22 38 51 90 71 30 70 97 90 86 46 52 21 22 63 15 43 93 34 15 88 22 33 61 92 74 50 77 16 67 75 23 63 33 24 97 58 95 32 38 31 92 48 70 74 64 64 34 99 89 49 86 66 89 43 91 61 90 90 63 31 23 14 98 89 25 40 21 93 50 60 50 84 93
54 38 11 49 92 67 82 59 30 94 97 39 96 26 56 18 55 75 11 51 57 61 83 91 57 20 51 22 70 32 43 57 19 84 17 70 20 42 95 25 24 18 26 81 76 81 34 90 44 52 89 19 85 77 80 52 88 94 70 30 88 47 68 74 34 49 93 85 88 17 36 82 46 94 49 38 60 18 58 85 19 40 35 66 83 47 24 37 12 27 20 45 58 76 34 52 58 39 51 76
76 37 51 79 92 96 71 78 41 68 79 35 96 40 75 88 97 83 57 20 84 55 36 65 76 69 31 89 57 59 69 30 41 73 67 21 56 30 27 18 43 44 24 55 80 20 56 64 66 97 74 44 66 29 25 91 17 18 47 67 91 89 26 11 22 83 32 50 42 17 60 26 18 43 68 39 48 72 74 57 21 70 69 35 13 79 70 75 11 47 65 57 26 29 82 85 73 38 42 24
95 80 48 36 58 97 50 51 21 69 43 60 80 44 85 98 79 75 28 39 59 52 59 72 71 42 96 88 94 92 61 75 15 81 20 24 90 68 26 23 81 80 82 45 47 67 22 55 55 49 38 24 56 86 72 58 37 90 17 52 64 19 27 95 49 95 53 63 27 43 38 41 61 99 21 38 27 86 44 31 76 53 66 11 46 54 15 79 92 46 44 86 53 72 30 80 40 97 96 63
56 47 35 63 48 24 88 78 83 41 41 25 67 67 28 25 12 30 58 30 71 40 35 12 57 74 91 74 38 52 44 28 54 13 97 82 52 78 47 40 49 50 85 54 86 48 54 93 88 88 41 21 67 25 63 42 69 33 17 23 95 95 78 62 66 26 17 87 41 86 21 49 73 39 24 87 63 57 44 53 97 34 41 83 83 68 75 48 98 32 72 88 41 18 27 91 34 40 44 54
77 44 13 58 18 23 50 24 51 62 41 56 35 48 45 80 57 57 48 93 31 69 58 49 73 13 26 20 53 51 53 63 57 15 86 56 79 25 16 90 60 63 80 90 81 66 58 42 20 15 41 63 25 25 51 30 74 30 72 50 87 61 51 53 68 61 46 50 32 60 97 78 44 25 59 22 72 96 91 76 80 76 94 30 75 34 89 98 94 40 29 71 30 91 16 24 57 48 12 45
81 47 48 51 88 40 18 95 75 27 29 25 15 53 43 18 30 93 85 72 79 41 24 62 21 34 11 33 32 86 64 86 70 20 41 65 68 94 55 51 25 39 41 37 80 11 11 60 56 28 82 72 54 80 40 81 42 41 40 57 36 51 60 56 24 24 40 59 75 47 32 70 12 37 89 31 73 77 21 17 71 58 59 79 79 51 63 50 52 70 10 25 41 27 71 88 70 75 97 68
68 28 76 97 47 12 20 55 87 49 62 40 18 53 53 56 32 48 90 65 48 94 70 47 81 68 51 35 26 67 30 33 94 63 85 70 26 55 81 45 53 68 73 15 12 14 20 90 66 50 94 62 75 87 75 23 59 40 74 29 30 89 75 72 59 87 83 62 26 90 60 47 94 52 93 74 93 47 60 52 79 58 40 66 11 31 20 43 38 47 14 25 75 52 22 87 67 17 87 56
99 26 12 53 70 50 86 23 24 92 83 24 81 42 95 19 46 33 97 33 96 60 23 40 11 99 71 12 79 86 81 43 26 59 46 71 92 49 33 93 78 98 95 44 84 32 85 73 87 65 69 70 34 22 95 18 29 83 90 88 60 29 16 89 45 57 57 21 40 68 63 24 42 74 59 53 83 44 74 72 62 96 72 16 85 58 76 64 92 98 12 58 13 93 56 24 85 92 32 85
21 12 78 43 31 55 30 78 88 29 90 75 45 88 42 66 86 74 19 79 44 41 73 13 95 52 11 20 68 82 39 45 35 60 33 39 65 87 51 95 90 11 41 19 67 41 53 39 62 96 31 21 21 69 98 82 69 82 89 91 60 91 91 88 39 16 10 95 69 46 37 70 45 43 12 41 36 91 98 72 67 45 67 18 52 86 46 90 64 81 21 39 57 16 60 50 65 84 55 76
57 93 73 62 16 31 58 82 45 14 79 84 91 53 40 45 38 62 58 88 91 33 51 15 16 55 71 57 10 75 31 92 99 59 61 47 38 41 81 35 78 56 45 32 71 22 81 37 65 58 12 24 46 89 96 36 20 23 75 84 17 49 62 22 39 57 22 34 33 21 15 15 92 58 49 65 61 16 99 65 32 81 93 52 92 57 83 15 41 26 91 55 48 60 18 73 58 34 47 71
74 67 38 40 81 72 51 82 49 57 10 44 35 37 46 32 82 82 60 57 33 10 19 32 69 79 44 21 75 84 32 94 81 63 43 88 31 69 44 29 96 67 31 36 57 71 43 15 54 86 36 78 68 56 30 61 22 32 50 82 60 48 89 60 31 14 58 89 81 22 44 39 12 40 62 22 75 32 34 49 68 57 16 90 18 95 55 37 92 79 46 23 51 16 68 60 42 91 61 83
57 20 76 56 56 89 11 74 63 31 62 83 93 59 81 82 62 16 61 20 80 57 42 61 78 52 20 31 63 41 92 57 83 90 82 46 59 25 81 74 94 28 40 17 78 31 76 64 66 95 87 97 89 15 63 27 32 53 71 72 21 23 53 49 31 84 26 87 13 47 95 11 63 90 26 22 12 24 25 72 96 80 54 52 21 50 38 82 49 40 51 32 99 81 17 89 62 22 42 46
94 85 78 14 91 32 21 11 89 12 91 46 67 50 13 33 88 25 27 91 20 54 71 42 15 56 77 77 64 26 22 89 52 35 23 33 97 12 58 46 53 72 83 82 13 65 16 69 59 23 59 99 87 50 33 40 46 54 24 59 21 31 82 64 84 61 36 48 31 36 46 24 76 74 48 54 40 41 19 26 52 11 67 14 36 72 25 28 34 19 82 11 87 53 17 87 41 31 14 24
58 26 29 29 63 89 68 96 86 85 95 51 92 68 69 64 64 98 25 41 17 82 53 96 61 26 78 47 45 31 12 25 54 50 11 89 58 25 73 16 37 36 90 12 85 28 81 80 54 41 18 20 74 29 64 78 49 23 90 11 41 54 64 98 98 36 42 69 99 83 70 26 88 11 45 26 73 13 57 67 92 72 25 81 93 53 32 81 70 62 18 76 68 25 74 98 84 80 37 27
60 78 74 17 50 84 63 94 61 37 59 77 68 51 21 42 57 30 26 92 49 29 86 87 61 95 91 53 78 54 53 86 47 73 71 20 30 85 28 18 68 80 61 10 24 85 15 46 44 32 39 48 98 88 55 90 31 48 94 65 97 87 94 15 90 14 78 28 76 17 36 39 21 58 60 38 53 21 35 43 18 59 30 97 11 70 40 82 28 10 95 31 93 85 22 20 46 45 12 44
94 76 81 38 42 53 86 38 85 31 51 86 88 59 83 76 43 82 13 89 63 57 60 65 48 70 24 98 41 46 45 60 44 79 74 63 90 24 28 54 63 75 89 57 18 34 95 36 44 10 88 19 36 32 41 18 89 13 39 59 78 23 46 57 33 33 55 89 96 42 41 43 19 76 51 86 80 81 35 77 62 75 44 34 73 26 76 86 16 15 61 60 64 14 87 66 91 84 97 65
13 99 27 88 65 51 57 74 48 97 52 97 38 85 22 78 46 59 44 78 69 23 85 15 36 48 25 91 90 91 46 50 37 44 90 89 82 16 24 90 32 88 83 47 79 73 92 79 87 56 77 75 48 75 66 62 17 86 12 11 66 43 12 66 54 92 63 11 96 65 98 19 73 84 99 89 11 69 27 79 11 35 84 36 55 48 83 95 61 27 71 32 73 20 11 67 90 39 59 29
16 61 83 53 59 10 78 47 59 71 48 61 34 17 19 63 17 66 20 90 49 31 44 72 20 37 72 83 54 83 54 86 98 79 52 48 81 39 94 22 23 59 97 13 84 12 67 50 68 10 52 39 78 83 77 32 21 34 33 64 87 83 87 46 12 93 50 53 28 28 44 49 76 76 43 25 86 29 17 34 57 98 83 22 16 79 43 19 96 22 40 88 57 93 79 29 28 18 78 61
33 75 33 93 59 88 61 55 22 74 95 80 56 33 53 93 19 81 61 98 96 87 80 43 83 84 63 92 29 41 31 35 65 30 39 50 52 23 96 59 57 62 54 54 21 15 46 77 93 46 99 25 52 39 20 93 13 91 99 43 58 58 70 69 95 37 16 89 22 78 76 30 78 87 32 53 42 62 92 34 84 34 85 70 47 83 86 16 35 39 21 71 92 93 75 47 15 16 89 11
89 53 13 41 90 80 93 74 28 70 52 67 94 35 69 67 55 11 85 84 26 69 56 18 49 59 42 26 54 69 72 25 89 80 62 89 25 79 47 30 25 93 76 49 86 83 96 18 16 41 20 35 13 52 55 94 52 97 44 82 51 46 54 82 69 46 78 83 12 35 45 97 75 49 37 60 57 42 80 85 96 79 55 14 46 70 36 45 39 35 46 35 24 38 64 86 66 64 46 29
27 90 26 65 95 61 67 70 13 25 69 35 28 44 68 32 55 21 42 95 97 19 17 64 19 85 65 50 81 99 53 32 63 82 69 58 94 49 63 35 60 18 96 23 71 17 70 72 89 81 94 93 23 38 16 46 87 12 27 69 77 18 25 68 67 76 38 84 40 82 14 57 21 94 98 19 73 60 47 20 84 23 89 38 63 52 61 45 82 77 99 38 90 95 77 82 31 52 15 46
69 26 77 47 47 98 41 65 80 22 57 99 60 26 27 40 35 61 75 84 38 54 51 56 29 12 79 25 84 97 28 40 98 73 85 11 63 15 31 99 58 14 63 38 22 28 90 98 60 94 93 74 76 21 95 15 80 97 47 76 44 72 59 15 30 35 70 51 84 21 79 86 23 32 23 20 46 41 23 65 12 64 10 78 75 35 11 16 81 33 55 82 69 97 83 17 60 96 33 39
51 65 54 34 64 67 20 26 11 68 16 91 57 67 18 86 35 86 12 31 22 78 37 61 59 80 79 66 59 19 39 37 93 61 48 18 21 10 74 28 76 49 28 83 26 73 22 30 72 35 96 20 71 32 26 86 65 37 65 61 60 36 80 56 23 69 53 73 19 12 90 65 59 32 96 75 55 26 11 53 44 85 67 65 37 97 92 18 27 86 31 97 69 94 72 22 57 30 31 21
68 69 90 31 84 75 44 52 83 41 84 34 72 84 92 56 89 20 58 31 59 23 66 39 98 80 59 75 53 80 55 75 62 23 15 93 48 14 26 79 29 91 30 45 10 34 68 58 92 43 58 67 79 45 52 30 66 83 92 39 72 25 21 58 95 35 77 65 62 50 13 62 67 28 73 61 44 65 57 70 75 15 65 50 34 44 90 88 84 98 44 66 37 72 22 49 39 39 34 12
91 21 44 60 38 75 44 61 31 58 40 90 29 20 54 67 93 62 37 18 64 47 43 20 79 42 14 82 89 13 38 34 67 39 46 43 97 30 62 16 97 50 31 70 46 90 83 64 44 26 98 27 28 50 71 22 58 55 13 72 77 56 52 52 84 17 80 96 28 93 79 81 88 61 98 84 45 90 63 79 74 22 67 95 37 50 73 40 26 86 52 44 87 58 61 97 81 75 81 15
90 14 59 25 67 50 91 66 27 21 67 95 74 85 85 56 51 53 93 43 29 21 27 63 82 13 43 65 27 59 60 14 68 45 21 87 38 45 35 72 66 95 57 27 98 44 61 59 93 91 90 44 96 54 50 85 41 36 12 98 77 21 96 90 18 35 27 70 92 88 55 26 55 73 36 90 72 18 90 96 41 17 89 79 45 52 51 35 38 71 48 94 59 24 64 53 85 91 91 42
50 43 53 50 83 34 64 40 65 54 83 20 71 84 95 62 80 81 33 78 82 28 76 17 93 25 54 42 22 74 62 18 32 16 33 83 49 63 79 62 69 61 60 37 43 75 67 93 67 43 88 79 34 84 22 29 47 40 39 97 25 26 40 78 66 39 23 27 92 20 12 33 91 35 21 58 99 93 76 87 59 83 78 98 54 86 92 66 98 80 53 60 36 52 77 15 31 63 11 31
27 67 24 83 87 93 70 97 47 60 43 82 82 76 27 87 27 29 38 43 90 16 47 88 47 68 97 81 67 18 47 27 66 40 71 96 74 15 87 80 43 75 35 14 60 21 34 39 48 40 71 34 68 14 92 93 92 37 74 45 12 58 76 36 53 40 27 73 45 50 81 54 31 87 75 52 85 77 71 67 40 41 54 22 23 30 25 33 91 45 61 73 99 82 81 15 13 21 26 39
97 18 67 47 99 13 60 75 50 54 24 36 84 30 19 49 56 91 31 39 93 71 92 83 60 31 50 88 70 31 51 63 15 64 97 38 66 24 17 30 47 88 17 36 72 25 11 84 73 42 52 69 48 93 26 89 34 46 10 31 83 35 79 86 58 28 70 23 19 47 25 81 23 43 43 46 49 92 74 49 81 90 48 14 33 15 24 25 17 30 37 52 15 61 75 87 44 24 36 17
52 86 90 66 18 86 53 15 35 59 15 57 47 83 46 27 36 60 84 74 87 64 12 85 90 40 21 19 43 96 14 16 92 42 46 13 19 90 78 55 61 56 28 98 46 16 70 71 97 74 92 68 55 68 47 16 77 50 98 53 52 90 40 97 91 84 32 47 43 54 87 36 27 20 18 86 37 32 10 59 71 90 85 42 62 81 67 33 33 21 91 14 74 28 43 52 72 30 84 92
53 22 26 90 15 27 83 49 18 11 45 48 77 82 32 39 14 50 16 40 19 42 16 86 23 65 44 23 28 86 43 66 93 89 79 59 40 17 67 27 72 27 74 56 21 50 85 64 17 16 92 69 49 66 48 20 66 62 87 34 78 26 99 86 39 14 49 91 20 11 19 93 44 94 45 59 22 32 17 56 87 75 82 19 13 49 14 88 17 60 87 40 74 73 80 27 15 47 26 69
24 14 50 49 41 53 95 59 51 80 98 50 20 81 99 63 36 35 40 95 93 22 82 65 27 22 27 45 60 31 19 49 46 45 84 86 57 50 15 71 30 25 92 58 21 52 57 58 97 67 59 44 72 86 69 93 20 71 98 43 99 95 54 48 17 12 22 96 61 56 58 11 25 95 25 74 50 39 31 82 98 44 15 78 76 20 85 51 61 97 33 48 64 23 56 87 37 75 44 49
57 31 37 31 19 17 38 89 65 35 13 99 62 36 14 93 13 31 54 15 68 65 20 20 12 56 33 78 56 30 41 49 90 52 79 86 73 55 23 15 38 48 60 39 89 87 27 70 22 48 32 83 63 61 63 93 94 69 20 42 72 37 25 23 49 73 32 59 64 21 47 45 65 29 31 65 15 76 33 64 38 86 15 52 19 69 74 53 55 72 77 16 51 15 57 97 53 27 25 89
51 85 41 56 92 93 71 39 61 10 81 52 86 95 20 25 60 61 66 79 37 54 11 89 13 43 88 45 41 48 19 20 36 92 87 49 64 33 27 88 77 54 72 97 86 34 54 23 78 19 30 57 41 91 78 84 71 31 59 52 26 96 22 45 84 74 57 59 22 91 55 37 18 22 29 34 74 83 15 83 27 79 31 69 37 98 86 73 86 91 79 82 28 75 27 87 84 41 60 97
93 88 56 25 41 90 19 44 92 59 58 98 59 29 27 67 54 40 78 57 38 70 24 52 68 90 76 21 90 92 57 77 25 21 91 90 92 62 12 93 66 73 65 70 35 20 96 17 91 73 10 96 81 89 17 77 27 92 52 27 12 21 37 42 81 48 12 43 22 30 87 87 28 36 63 21 99 79 56 88 16 18 42 16 57 84 13 75 59 76 44 35 47 37 68 78 33 85 77 29
14 81 22 89 42 69 55 81 20 17 86 63 34 20 92 95 23 90 61 93 28 27 33 70 46 61 11 80 76 68 47 18 89 42 31 43 57 35 32 65 90 11 11 56 27 38 23 12 62 73 54 40 15 77 17 87 87 87 55 76 43 20 79 47 46 53 45 82 12 39 53 44 18 83 40 90 26 12 37 35 78 81 81 29 77 65 30 11 88 84 73 17 20 15 21 57 58 25 98 52
73 35 53 73 12 44 42 12 47 60 12 12 29 47 49 25 34 89 62 35 61 67 41 93 39 53 92 61 42 68 52 82 49 95 23 97 43 18 91 98 65 71 12 16 56 35 65 72 31 19 65 78 50 32 62 50 19 93 40 69 27 25 82 28 45 43 86 85 42 59 85 90 30 78 39 77 21 96 73 72 32 31 20 88 11 25 99 32 73 32 14 12 73 58 75 80 52 77 95 75
56 40 22 75 39 83 78 41 70 42 12 64 73 38 88 13 13 91 38 54 89 64 24 49 94 10 40 61 90 65 90 70 73 60 57 94 71 48 69 53 32 61 85 69 91 15 88 50 48 43 24 33 35 78 72 52 22 44 77 87 26 84 92 40 73 27 98 26 65 35 89 94 45 26 60 92 88 20 49 48 71 79 66 40 80 16 99 93 91 86 91 74 58 44 19 93 86 98 64 54
50 75 26 33 22 57 88 47 73 67 74 72 23 61 71 65 21 45 25 81 34 48 61 91 87 12 50 68 36 94 84 61 54 83 14 75 97 30 87 73 47 93 56 89 27 58 49 15 91 57 83 59 13 70 81 85 94 96 82 95 18 50 32 46 60 55 39 16 80 92 87 39 66 10 68 36 50 17 62 53 27 60 35 47 52 92 33 76 93 86 32 44 58 41 53 22 52 31 60 96
12 89 17 92 79 35 72 54 75 43 87 65 17 93 26 62 80 46 70 39 40 20 48 21 20 26 44 57 43 35 84 19 91 28 25 42 60 59 98 58 47 34 81 96 91 32 18 89 94 37 94 91 42 12 95 58 72 31 30 69 83 84 87 93 26 35 13 82 94 25 67 79 40 38 46 45 30 51 94 55 27 99 45 89 71 66 68 75 79 53 41 46 93 69 95 11 33 91 14 67
75 84 28 48 59 47 36 77 15 24 98 73 56 79 11 26 25 81 76 58 20 18 76 81 95 87 28 22 17 50 86 49 46 52 24 61 87 95 66 40 72 15 61 92 46 40 87 42 56 34 35 38 23 32 12 69 42 52 51 73 36 81 96 59 52 47 16 12 36 70 95 53 60 87 22 13 62 43 93 77 56 41 72 60 36 58 50 76 88 95 59 26 84 75 51 75 11 74 47 30
65 25 68 86 35 88 80 49 70 94 33 91 16 12 75 43 87 58 34 29 88 78 91 81 17 72 57 87 24 63 32 71 61 29 39 11 41 67 36 20 14 26 70 43 80 99 75 14 45 91 41 51 33 60 21 42 42 98 25 65 15 48 21 92 32 74 61 72 99 99 49 43 61 35 96 33 63 45 80 28 78 64 71 77 83 89 78 14 38 88 83 96 69 17 11 65 93 75 68 77
92 75 47 27 86 28 33 33 88 18 18 56 69 12 47 55 20 17 24 39 82 57 30 38 31 37 87 45 47 74 36 98 16 65 34 80 72 25 53 96 27 10 19 89 41 62 10 65 46 53 67 71 17 40 64 96 36 69 15 96 87 26 84 89 49 57 38 80 34 92 45 73 20 32 94 32 62 70 87 42 31 50 33 89 13 16 34 90 21 92 56 21 38 91 16 96 59 72 15 62
34 24 83 42 57 42 70 59 89 84 67 39 21 63 77 27 29 52 96 13 71 95 35 53 21 56 16 97 48 67 76 32 24 91 83 60 78 82 85 65 27 27 54 35 84 45 29 32 61 24 92 19 63 92 90 66 60 83 39 85 46 94 86 84 64 20 10 77 69 76 48 23 34 77 13 51 21 84 72 18 62 79 15 80 92 86 87 24 21 96 61 68 71 44 87 82 15 23 89 86
69 54 25 36 35 46 49 91 49 84 82 75 76 67 74 26 83 92 92 19 17 49 22 57 49 43 65 61 72 47 73 53 32 71 76 89 74 88 10 40 10 73 32 29 50 77 54 55 54 39 68 11 38 17 29 31 64 91 44 67 14 95 48 90 20 58 16 59 75 67 15 92 28 98 21 41 49 32 73 11 57 26 44 53 39 80 47 66 58 25 80 79 37 49 88 18 18 82 87 44
44 70 70 81 87 21 78 56 91 72 39 54 66 78 74 22 24 13 27 47 13 21 24 78 97 16 96 75 80 25 56 77 71 97 39 56 88 25 68 21 68 39 17 45 81 42 82 57 39 39 81 63 76 82 57 87 57 80 35 91 47 37 96 12 98 25 46 34 83 78 15 21 51 73 93 30 19 47 67 35 17 10 19 24 23 34 79 32 12 81 73 83 92 24 92 84 53 15 26 26
80 87 61 57 70 31 75 59 18 42 63 54 67 30 55 48 39 13 97 57 35 41 52 24 21 27 90 57 37 27 77 94 31 42 12 89 34 47 41 19 91 69 25 87 18 82 99 68 85 12 19 98 49 85 63 29 85 20 97 49 21 75 56 16 21 73 16 37 89 12 65 32 12 34 50 78 33 14 25 19 38 66 45 22 96 59 88 82 82 54 85 30 92 92 74 23 66 58 73 14
24 27 97 79 90 91 19 28 14 99 85 49 47 30 85 44 50 74 72 52 38 64 22 75 17 40 24 43 79 98 64 42 58 87 25 56 49 52 15 36 62 71 92 29 99 24 66 32 40 16 46 37 31 91 95 96 44 68 52 92 93 75 27 95 29 98 51 64 62 34 58 27 78 19 98 85 32 96 96 41 32 28 56 70 41 47 21 61 73 83 63 52 55 22 94 17 58 96 38 65
31 50 92 96 36 25 17 62 54 95 80 38 32 43 91 96 62 38 98 17 50 90 17 10 14 75 44 66 79 38 95 98 55 34 80 92 38 27 96 83 97 21 61 19 56 10 96 69 97 33 24 90 93 93 11 25 27 33 85 25 99 52 28 20 71 98 82 79 74 45 20 90 13 74 98 42 36 33 21 74 93 94 62 47 80 94 62 36 83 33 76 66 48 33 98 35 16 83 31 64
34 93 12 47 25 59 79 78 77 14 47 82 25 97 60 21 33 17 67 97 56 30 44 46 58 64 82 86 18 17 57 76 81 18 21 27 45 95 18 31 50 39 22 73 55 50 16 33 57 61 14 70 78 49 49 80 74 89 14 52 83 96 17 25 35 44 68 91 54 31 93 20 63 23 78 25 44 96 97 33 52 16 53 68 98 48 73 35 28 85 97 90 86 76 11 46 46 77 29 13
92 22 51 63 88 13 55 47 34 46 70 75 48 74 92 65 77 45 69 59 94 76 78 39 74 61 80 63 69 23 36 80 60 88 19 35 51 56 64 91 56 45 57 61 61 90 38 61 42 13 10 49 47 29 32 66 56 80 14 26 52 12 57 73 87 89 43 97 83 29 61 23 36 16 79 52 78 29 40 64 84 58 78 35 81 23 95 37 44 81 18 96 13 60 58 30 13 20 95 79
57 58 73 85 92 97 62 90 58 21 77 43 88 39 74 62 20 21 66 88 11 19 32 10 44 29 30 20 10 50 92 77 18 70 53 88 73 97 11 28 63 36 42 99 76 54 98 39 62 83 20 85 32 63 14 16 33 85 72 65 31 82 54 23 51 27 93 90 17 44 70 15 97 14 13 26 52 40 45 62 96 13 63 82 43 48 64 52 66 96 92 17 49 55 95 77 19 86 67 73
19 13 45 45 16 34 73 84 12 57 70 52 80 47 74 20 37 15 37 28 68 52 31 89 72 28 34 69 32 20 71 12 66 49 94 12 73 37 27 40 39 22 33 53 38 68 81 45 93 41 92 46 97 71 56 79 72 37 58 63 69 23 98 90 34 45 47 57 34 63 90 69 25 53 21 39 68 66 49 20 25 61 86 34 44 92 55 85 28 15 92 82 44 31 83 55 87 14 98 96
87 79 19 73 98 59 48 33 86 43 29 58 43 27 77 40 44 97 34 78 72 47 68 70 87 39 33 84 70 98 27 31 52 78 81 20 55 41 73 55 21 23 79 42 70 80 36 81 94 82 48 25 19 39 79 89 51 94 76 39 40 96 41 29 61 17 17 38 50 15 64 68 11 35 76 84 88 88 87 34 51 17 96 26 96 44 44 33 11 46 66 57 31 68 96 66 73 97 23 27
52 52 12 25 89 31 45 30 72 32 27 99 96 96 46 91 55 37 30 23 71 24 57 55 53 34 27 96 29 42 33 39 67 82 84 93 26 23 68 55 22 49 98 39 84 28 35 37 41 58 34 48 32 75 60 48 13 16 18 97 55 54 38 47 49 13 61 58 15 81 69 99 35 27 48 46 36 26 15 81 25 45 97 19 74 62 22 42 91 98 90 47 97 35 26 54 88 11 27 42
63 61 82 30 69 42 95 83 36 70 82 52 80 61 99 90 62 36 36 94 58 87 40 95 64 94 49 52 63 80 27 69 37 24 48 49 54 90 95 88 72 77 46 88 53 89 86 16 58 45 11 34 89 46 16 39 91 28 22 63 37 39 98 41 46 91 49 61 82 24 59 42 39 39 75 68 14 52 71 71 58 76 55 13 60 21 98 65 64 60 47 62 10 71 51 81 48 14 42 54
12 24 39 88 46 81 27 62 25 83 46 43 18 33 65 32 25 31 13 89 93 38 77 61 75 95 20 97 47 44 83 38 82 35 45 84 20 38 40 80 76 27 19 29 55 23 55 56 12 68 83 71 52 64 22 95 99 75 21 12 82 39 42 40 83 19 52 91 35 93 74 41 25 21 14 44 55 34 66 13 67 20 25 95 35 37 97 26 71 30 66 90 63 25 79 67 98 43 92 35
26 88 24 13 30 18 53 75 24 67 62 36 77 49 53 76 81 50 64 23 30 33 87 51 73 80 14 82 49 35 89 77 64 41 40 78 74 62 22 18 26 92 71 52 81 24 43 54 85 65 56 31 68 50 98 49 88 62 43 26 39 73 15 70 29 30 72 32 88 92 45 62 82 56 60 24 64 61 18 94 60 21 90 66 58 54 13 18 61 54 22 44 41 69 58 61 98 96 15 65
51 89 84 92 65 45 37 63 23 32 38 60 81 80 28 11 43 32 16 12 53 24 19 22 81 62 93 51 83 37 89 11 36 56 20 88 86 25 13 41 22 75 40 43 41 43 35 32 70 31 32 91 96 99 31 78 82 56 25 63 69 81 58 39 20 30 47 17 72 12 69 89 71 56 31 89 47 49 36 57 71 75 92 77 81 27 31 70 54 34 36 18 40 96 86 68 89 98 14 31
99 23 78 72 36 59 13 79 61 80 89 57 40 51 69 16 80 32 57 66 56 64 59 31 38 58 49 96 95 38 36 94 57 34 22 57 85 14 41 43 82 87 94 50 86 63 91 76 68 71 32 41 57 75 11 41 71 93 89 69 92 90 92 46 18 57 56 42 14 37 85 87 28 63 45 50 75 77 15 41 37 84 41 97 47 19 20 78 15 69 98 48 83 88 70 24 17 37 94 87
81 56 54 34 19 62 83 93 20 61 97 59 32 15 75 68 93 15 12 29 11 47 64 57 97 83 72 40 18 83 67 85 81 76 13 77 82 41 60 96 43 79 55 40 69 96 60 77 71 49 20 96 28 97 22 84 93 49 19 66 44 74 75 31 71 98 72 62 68 38 24 59 81 31 64 69 96 88 80 18 33 56 70 57 61 83 57 40 70 71 87 83 97 86 27 59 97 40 56 13
3
-2  2 -1
 0  0  0
 2 -2  0