-17 -148 278 -308 -2 -23 21 -302 169 -101 -64 -162 151 -138 -24 -46 55 -104 -151 -102 117 -281 54 -69 53 -172 -47 -24 -228 95 -118 -75 68 -140 -79 -30 -61 50 -36 -238 89 -49 -168 22 -34 -32 -58 -20 -245 146 -203 7 -117 57 -201 80 -303 30 -38 -113 20 95 -257 20 -135 41 -156 166 -237 21 39 -195 -33 -62 -112 102 -117 86 -345 38 -14 9 -39 -111 69 -143 23 -61 -145 -16 -67 -85 -23 9 -146 112 -154 -132 52 -38 
-17 -262 186 -256 120 -25 -63 -156 -57 -43 -86 30 -49 -162 46 -210 49 92 -279 48 23 -167 32 -79 -1 -266 -7 108 -302 105 -102 -161 84 -8 -63 -82 -119 40 26 -262 53 47 -116 -34 -34 -86 -98 -72 -113 98 -255 3 -155 17 -5 -30 -265 70 60 -139 -188 45 -127 164 -179 11 -56 -24 -77 -69 -63 -101 -35 -90 -90 36 -45 18 -219 54 -150 151 -189 -3 5 -155 -67 -63 -33 70 -113 41 -165 -103 -30 42 -166 -54 62 -64 
-97 8 -218 135 -15 -190 -88 131 -239 41 -62 -51 -100 65 -49 -123 7 -88 40 89 -200 75 -218 94 -145 -139 69 -131 -6 -61 -80 4 -60 -35 -123 -108 35 -110 -18 -61 -61 -195 7 -31 84 -184 -77 -131 64 -116 141 -115 -37 -134 170 -246 82 -147 -126 68 -181 -55 -32 15 20 -215 62 -224 113 -116 -129 -84 68 -201 59 -217 -36 -109 155 -126 -143 26 -129 47 -217 116 -36 -206 40 80 -146 -71 -153 -141 205 -119 -152 57 -175 -35 
-95 122 -170 28 -167 -10 -47 -47 22 -125 72 -195 -2 66 -166 35 -97 -270 213 -155 -39 -77 -65 -26 -68 32 -192 -23 81 -308 98 -78 -168 37 -107 -115 139 -253 -81 62 30 -172 -124 -50 68 -38 13 -71 -124 -18 45 -230 -44 -49 -38 -127 -31 25 -93 -157 -47 -8 -123 -102 158 -141 -21 49 -243 87 -25 -139 -85 95 -174 6 -111 -89 -21 -118 80 -130 -87 55 -199 -25 42 -228 -21 -62 -21 -39 13 -25 -124 -148 -14 -66 -29 21 
-87 -186 120 -284 -81 83 -61 -13 -32 -64 -33 -19 -139 -27 -53 71 -190 90 -110 -54 -85 -177 164 -145 -156 169 -228 54 -106 -218 125 -89 -165 31 34 -123 -47 -86 -127 -66 81 -159 -46 -29 -57 -146 155 -178 -62 -127 -126 25 24 -99 -16 51 -216 -16 161 -287 29 83 -220 77 -136 91 -56 0 -262 196 -227 78 -267 187 -160 -64 -37 1 -249 36 -117 69 -152 22 -138 -20 -188 170 -96 -34 -90 -19 -156 101 -194 -5 -17 -171 56 -216 
-50 -126 95 -159 -89 -77 71 -184 -112 101 -159 23 -91 -48 -143 -101 -16 24 -130 -56 -136 82 -78 -74 -151 -76 106 -109 -61 124 -115 -188 115 -133 11 68 -349 67 -30 -103 -47 -23 42 -56 -153 -105 -87 -29 90 -88 -138 85 -140 -64 -145 46 72 -257 68 -145 53 -76 -101 45 -313 135 -174 -61 112 -188 -14 -172 42 -142 3 -22 -48 -56 -67 51 -146 -66 151 -239 50 -12 -256 56 18 -194 -103 -36 -60 31 -30 -118 -117 51 -167 39 
-97 51 -159 35 -123 -51 -108 -154 -33 124 -204 82 -87 -82 -166 14 19 -32 -40 -162 39 68 -93 -132 -16 -28 -54 -246 64 -76 -82 -72 110 -165 -162 111 -63 -107 -119 173 -286 70 -180 -43 -68 15 -142 5 -148 30 -43 -29 -180 38 -88 -103 -24 -95 -102 -106 -16 -84 51 -107 -45 -56 -42 -204 143 -198 37 6 -40 -56 -236 -22 81 -151 -98 18 -179 26 -1 -317 203 -258 120 -119 9 -182 -28 12 157 -326 151 -190 -80 72 -151 -23 
-74 -19 -49 -145 91 -60 -203 -7 83 -241 -4 -20 -73 68 -85 -97 36 29 -209 3 55 -189 38 -53 -139 -16 -9 -198 -48 -6 -105 56 -81 -104 -127 -96 63 41 -159 -78 -146 54 -93 -50 26 -240 47 -36 -68 -179 -7 -65 -58 -53 -41 -29 -213 80 -248 104 -112 -68 128 -168 4 -47 0 -91 -141 126 -163 -17 -26 -184 29 -211 -46 -38 -60 -71 -162 -31 -30 -148 -79 117 -164 -16 -232 77 76 -216 42 -191 -56 41 -95 -178 72 -122 
-75 -91 -85 -99 -81 28 -72 -136 55 -67 -136 11 -118 -53 139 -210 67 -197 -60 124 -36 -168 -77 -64 93 -127 -101 151 -219 33 -104 -103 -28 -147 109 -84 -142 93 -61 -143 24 -35 -58 8 -93 -152 -65 -26 97 -231 -24 -51 33 -95 49 -132 64 -13 -145 -9 45 -268 122 -204 130 -105 -48 80 -78 -130 -101 -101 93 -223 20 -40 -42 -101 -41 -122 27 -4 -200 184 -302 197 -166 -93 -70 45 -45 -51 -67 74 -110 -73 18 -204 -25 -111 
-74 -185 -47 -14 -11 -155 -47 19 -181 24 -25 -212 149 -214 -72 133 -176 -88 12 -31 -100 39 -185 -120 4 6 -155 93 -144 -173 -7 -16 1 -124 22 -180 -57 -155 -27 -93 225 -242 -79 32 -79 75 -25 -128 -129 98 -137 -25 -82 3 16 -206 -85 -39 21 -123 -166 108 -311 45 89 -186 -74 -40 -36 13 -204 174 -159 -28 -223 165 -114 -115 32 -109 -11 37 -356 147 -38 -263 18 -51 -41 -44 -110 54 -153 8 -95 37 -174 16 40 -182 
-44 -5 28 -141 70 -148 -74 -12 -100 -3 76 -208 -20 19 -140 34 -252 20 -10 -98 -29 -125 -32 113 -302 -16 108 -204 102 -233 48 60 -308 83 -93 -69 62 -220 -11 -50 -23 -152 127 -165 -159 104 -49 -156 -7 -125 22 -83 -116 14 -190 226 -260 12 18 -46 -224 100 -163 101 -263 120 -121 -6 -104 -55 89 -120 -135 99 -197 27 -53 -149 135 -241 81 -304 197 -257 -2 -107 -68 -69 69 -174 -106 -79 -77 -13 -107 44 -198 130 -214 100 
-88 42 -218 17 -94 22 -26 -65 10 -170 10 45 -196 -176 185 -254 71 -67 -122 7 -116 -72 -21 -12 -67 -47 -12 -57 -98 -15 -97 -20 -123 15 -30 -41 -56 -92 53 -114 -269 22 85 -118 -63 -99 -71 -55 74 -174 95 -102 -82 -49 -131 66 -42 -13 -109 -74 -26 -288 161 -9 -200 42 -83 45 -24 -119 22 -208 59 35 -27 -151 -42 -49 -110 66 -43 -210 102 -35 -157 85 -92 -64 -148 -68 -105 -21 137 -200 3 -170 45 5 -274 162 
-86 -3 -131 58 -233 -49 -101 -38 3 -113 -87 56 28 -151 -146 5 11 12 -73 -118 -192 148 -35 -305 163 -151 -40 17 -113 82 -70 -231 108 -109 -81 -11 -40 -169 86 -115 -40 -53 -181 54 -63 -142 69 -48 -247 74 -110 -36 -16 -88 41 -346 100 38 -143 6 -167 1 -164 -28 113 -248 63 -32 -150 24 -54 -106 108 -138 16 -112 -158 178 -169 -60 -137 123 -133 -40 18 -210 -62 -27 -148 115 -71 -117 -51 -29 -123 12 -54 -61 -117 -21 
-65 -38 -178 -40 -31 -132 31 -8 -217 123 -237 -44 -98 235 -252 3 -78 -165 227 -254 87 -148 -130 54 -93 -105 -72 -140 32 4 -84 -78 7 -152 -30 -152 59 -146 -7 -167 116 -194 -34 -162 6 -5 -38 -242 -53 -113 129 -191 -72 -120 84 -210 45 -84 -102 42 -85 26 -71 -232 -10 -44 59 -246 53 -16 -90 104 -202 -134 54 -51 -110 83 -50 -68 -224 72 35 -210 104 -136 37 -141 94 -109 -94 12 -271 115 -76 -130 7 -72 -72 -12 
-54 -54 25 -184 49 25 -174 -85 93 -254 152 -232 23 7 -37 -85 -6 -74 -94 4 -20 -75 -95 -34 -111 -44 -148 125 -57 -20 -185 180 -251 -5 64 -160 12 -76 -123 -13 -27 -20 -19 -222 121 -126 -114 -72 -49 -79 0 -127 -103 105 -145 14 -100 -4 -148 -106 122 -194 40 -99 -54 122 -58 -135 61 -204 -90 52 -195 106 -96 -45 -112 -13 -147 -11 -71 -104 24 -68 -173 118 -146 53 -26 -177 -24 -135 -87 -92 16 -44 -55 -51 74 -184 
-31 -121 65 -82 -189 81 -144 67 -133 -52 -85 19 -78 -147 96 -158 -24 -38 -127 18 -242 31 48 -140 -10 -48 -144 -38 -67 -144 94 -115 -149 201 -260 180 -333 102 -171 103 -125 30 -239 25 -84 -57 -43 51 -97 -134 -14 -156 120 1 -239 -1 -36 -129 57 -110 -41 -27 57 -188 70 -19 -70 -103 54 -280 43 19 -35 -108 -27 -137 -61 -77 60 -257 46 -52 -27 -138 -81 -3 12 -95 -12 -75 41 -49 95 -219 51 -82 -56 -62 57 -247 
-82 -25 -264 125 -47 -242 133 -135 -82 -44 -15 46 -68 -128 -25 -137 75 -135 3 -2 -109 -68 -37 21 -127 10 58 -177 -18 -185 172 -291 86 93 -291 164 -179 -108 17 -42 -95 -181 -25 96 -302 67 -135 46 -96 -32 -191 9 -171 -9 -70 -9 -100 -106 -7 -99 -118 -9 -68 -100 -99 -201 137 -55 -182 194 -272 77 -101 -127 -73 30 113 -173 -64 -151 34 33 -254 -37 -5 -161 -14 -76 -88 102 -182 6 -60 -96 102 -195 -32 -218 136 -112 
-59 30 -107 -158 32 -135 110 -194 -92 -30 4 -223 10 21 -263 178 -142 -28 -160 -35 89 -201 98 -85 48 -266 193 -194 -66 64 -244 -85 14 -90 96 -302 109 -126 -113 68 -163 -21 26 -72 -90 -119 -72 7 -73 33 -121 -13 -131 -36 -126 107 -270 101 -118 -57 15 -126 -249 76 -107 -153 21 94 -262 36 -35 -163 -50 58 -79 12 -177 -73 -179 164 -228 73 -310 94 -12 -41 -159 -9 -225 98 -58 -213 36 35 -72 57 -42 -210 5 -67 
-44 -154 35 -81 -183 165 -185 -19 -215 180 -211 101 -35 -178 57 37 -156 41 -155 8 -71 38 -195 109 -228 -7 -59 20 -9 -90 -153 24 30 -182 16 -154 -157 167 -108 -94 -84 38 59 -129 -61 1 -152 30 -14 -101 47 -93 5 -107 -59 -84 22 -17 -51 -24 -10 -222 94 -70 3 -67 -104 -94 134 -201 137 -283 112 -177 -29 -144 41 -131 12 -13 4 -99 -57 -34 -26 -84 -50 -79 99 -265 -11 -83 34 -155 -79 -78 -78 45 -174 10 
-10 26 -84 37 -229 113 -217 -54 206 -170 -42 -186 113 -302 72 -104 25 -104 -55 -65 -98 57 -63 -159 -59 43 -135 46 28 -273 -32 22 -77 -92 -76 101 -282 89 -41 -139 -98 35 -89 -26 -128 45 -144 -66 18 -7 -90 -111 39 -182 60 -143 74 -206 52 -62 -184 84 -13 -193 -61 -3 -18 -174 -22 8 -86 23 -178 126 -127 -247 97 17 -130 -105 26 -152 -69 -38 -125 4 -96 37 -19 -84 -180 200 -146 26 -142 -22 -24 12 -179 85 
-57 -111 94 -281 66 -130 -51 22 -67 -175 62 -163 -27 -25 -182 58 -100 -86 -33 -57 -101 -25 37 -202 8 0 -179 -75 0 17 -162 -26 -55 -36 25 -35 -70 -201 -7 -82 33 -124 -96 -81 66 -94 -101 70 -105 -23 -141 0 1 -116 -19 -109 99 -124 -4 -93 -198 210 -159 -93 -100 47 -155 -20 -90 75 -127 -16 -99 31 -108 108 -330 124 -113 82 -303 92 1 -108 -86 -194 44 -31 -73 -46 -125 108 -137 -14 17 -270 98 -159 -16 -6 
-10 -192 148 -229 171 -148 -1 -39 -194 -37 -17 -11 -183 50 57 -176 -26 -131 -48 -53 -98 -61 -134 24 -135 173 -206 -50 -100 43 -154 -100 -45 -55 -145 39 -30 -24 -147 12 15 -110 -61 -23 -15 -193 147 -222 -86 91 -187 78 -107 -112 13 -144 -35 134 -180 -32 -53 -68 27 -184 -45 87 -229 6 -19 -184 57 -170 -10 -148 -12 -45 -38 -181 23 -12 31 -162 -24 -169 97 -193 -1 -139 87 -83 18 -167 -86 5 -43 0 -12 -77 53 -261 
-69 78 -235 117 -145 -64 -88 17 -24 -46 -60 -30 -192 52 -131 -98 -53 -16 13 -303 132 -154 42 -29 -116 -148 19 -5 -159 -105 -24 -42 -26 -143 28 -141 -118 216 -297 97 -244 172 -216 60 -117 -126 158 -72 -155 18 41 -96 -157 44 -196 143 -134 -122 -77 75 69 -212 14 -3 -55 20 -119 -131 -67 -81 -60 46 21 -139 -73 -55 95 -130 -132 -34 156 -116 -67 -63 -16 -47 -77 7 -198 116 -106 -110 38 8 -228 186 -208 -63 -45 -69 
-90 83 -325 70 -125 -59 105 -33 -162 51 -102 42 -196 110 -265 106 -76 1 24 -146 -40 -111 -150 91 -78 -129 -12 -45 -175 -2 34 -92 -80 -109 -3 -163 73 -246 157 -199 -39 61 -20 3 -128 24 -200 211 -91 -243 -46 11 -152 17 -227 131 -78 -193 108 -262 40 -36 -196 44 -3 -34 -111 -70 53 -118 -24 -98 87 -112 -84 111 -290 -20 78 -96 -152 64 -215 53 -142 -111 -3 -152 -15 -51 -64 3 -104 -172 61 -51 -50 1 -178 42 
-57 16 75 -270 -88 98 -252 57 -40 -130 79 -162 83 -114 60 -140 -19 -84 -107 -24 -101 -69 -116 -84 140 -180 -124 16 -186 78 -41 -67 -201 96 -326 33 5 -258 84 -105 53 -307 205 -191 -56 -113 110 -296 145 -198 146 -191 -10 -87 50 -65 -272 119 44 -188 -88 24 -129 5 -66 -57 -173 55 -95 -61 56 -189 -127 81 39 -170 -213 -7 44 -151 26 -142 -88 0 -115 -94 32 -206 43 -266 241 -139 -90 -77 126 -102 -206 202 -161 -39 
-21 -41 90 12 -115 -88 -183 16 14 -101 -157 117 -45 -157 -5 -31 -54 -103 -57 -35 4 -11 -31 -79 81 -106 -60 41 -33 -65 -96 51 -54 -49 -132 46 -208 232 -343 108 22 -187 -50 -153 -12 100 -121 -189 -8 -67 139 -206 -82 -51 -25 -208 3 113 -186 54 -55 -226 -33 -90 -29 -114 -161 152 -294 30 3 -19 -108 -116 -26 -135 100 -56 -123 -137 179 -254 113 -174 -124 146 -209 27 -121 -96 106 -326 31 -51 34 -38 -287 -41 51 -133 
-30 -162 -81 50 45 -207 176 -222 -171 217 -296 69 18 -148 -36 -32 15 -148 -6 -46 -62 -40 -89 7 -232 -39 174 -362 181 -256 70 -129 93 -32 16 -224 -102 44 -44 -225 19 -66 -147 41 -110 -41 -118 -23 -107 11 -105 -16 123 -144 -12 -270 225 -161 -118 -66 134 -40 -164 137 -129 -92 39 -101 -155 -26 -203 119 -150 -113 -14 -40 7 -16 -87 12 -268 128 -53 -78 -79 -13 -98 -55 -96 47 -370 91 -60 -7 -83 -113 117 -110 -27 11 
-79 62 -80 -78 -130 -14 -23 22 -82 -51 -35 -143 -36 -92 -22 -84 -120 164 -193 53 -216 -59 20 -162 -12 -5 16 -24 -77 -107 -10 -101 79 -67 -2 -166 171 -299 132 -178 -108 -43 66 -91 -89 -214 108 -63 -150 77 -244 96 -6 -231 -46 107 -211 37 -163 106 -161 -4 -39 -43 -91 -166 149 -118 -10 -143 -160 -11 -162 214 -242 47 -141 -105 -12 133 -261 -20 6 -165 81 -262 35 21 -103 -86 -161 31 33 -125 -36 -254 238 -156 -190 -54 
-84 85 -99 -228 -13 -61 -5 38 21 -207 -74 -8 -151 2 -43 -85 -134 2 -69 -12 -6 -199 50 -230 6 -9 -154 32 -125 52 -146 19 -66 -168 6 -48 -47 -141 -109 126 -173 26 -52 -68 -22 -99 -86 40 -262 76 -37 -139 75 -49 -108 177 -237 -73 -41 3 -153 -59 -24 -165 -12 125 -70 -210 155 -133 -52 -153 88 -210 -26 -79 55 -170 -93 50 -73 -146 80 -122 9 65 -148 -95 47 -75 134 -189 -160 -39 3 -195 -8 -160 111 -209 
-34 -149 -120 -20 74 -206 12 -63 -142 119 -125 -82 22 -114 -151 22 9 -333 172 -130 -63 -93 -7 72 -261 35 -46 -126 27 80 -226 86 -136 -76 -110 19 -167 84 -226 15 -45 -13 -100 -76 1 -9 -284 -18 23 -108 -41 -172 10 -33 60 -232 103 -373 180 -190 -61 52 -135 76 -127 -69 -30 -63 -57 -78 19 -126 11 -203 76 -202 71 -131 -112 -138 20 55 -234 62 -126 24 4 -142 35 -23 -170 -82 -80 28 -251 163 -264 1 48 -128 
-16 -239 -6 -97 2 -17 -241 117 -215 148 -132 -78 5 -28 -51 -103 -85 -109 -10 -9 -130 22 -122 -32 -137 76 -250 133 -158 -6 -137 26 -30 74 -138 14 -158 -37 -83 -35 -11 -19 -107 24 -116 -12 -84 -81 -46 0 -124 91 -279 132 -131 65 -124 78 -101 -107 58 -112 -42 -70 -119 -165 43 36 -104 -4 -82 -13 -190 157 -158 8 -115 -69 2 -249 62 23 -137 -29 -139 -19 -105 44 -108 27 -245 16 -121 159 -311 1 42 -90 -239 -47 
-43 -206 144 -115 -245 120 -118 -143 123 -112 69 -149 10 -101 85 -137 -113 95 -65 -245 105 -2 -152 -140 175 -147 -125 29 -115 -118 125 -294 -34 -136 118 -165 -2 -101 -4 79 -68 -167 -34 8 -21 -165 167 -198 -36 -141 103 -137 -21 -159 63 -115 1 -7 -166 -118 29 -81 -102 -96 -75 -21 -72 -17 -170 111 -45 -120 60 -135 45 -107 -122 -66 42 -104 -118 11 -157 36 -126 -152 -127 142 -162 -35 81 -72 -80 45 -172 21 -36 -88 -58 -86 
-59 129 -256 73 -157 -32 77 -254 83 -179 -16 88 -146 55 -165 -38 28 -148 -104 42 -156 43 -141 53 -149 -64 -75 -155 10 -90 14 -112 -6 -147 10 -64 69 -166 -92 70 -159 -45 66 -251 -86 205 -189 -19 11 -137 2 -139 -3 -188 180 -173 -18 18 -176 76 -19 -73 55 -228 47 46 -317 175 -67 -108 -88 84 -134 -82 -15 0 -178 200 -150 -55 -13 -184 -113 -27 114 -355 119 -157 44 -139 0 -45 -66 -204 119 -72 -229 64 -28 -110 
-97 222 -303 -98 102 -158 -33 -140 -67 -96 -54 99 -165 -23 77 -51 -75 41 -248 190 -114 -113 -98 132 -131 -170 146 -195 72 -107 -23 36 -48 -180 6 -60 -106 -214 -24 -28 -135 -25 -43 -149 77 6 -162 0 -37 -153 -106 53 -115 62 -125 -68 16 -113 86 -151 -56 -25 -42 -95 -17 -142 -12 -74 -123 -78 -143 100 -119 -44 -16 -16 -143 37 -185 5 -31 -132 56 -183 -17 57 -39 -249 -11 13 -150 -17 -79 -76 110 -119 -198 134 -234 80 
-25 -176 70 -28 -25 -200 -138 -48 -3 -135 116 -174 -120 -91 129 -118 -122 65 -25 -104 48 -215 50 -78 -42 -110 51 -145 -78 -123 1 19 -151 -7 -186 41 -95 -123 63 -256 56 0 -141 -1 -52 -164 51 -36 -161 95 -16 -90 -40 -74 -93 -44 -55 -148 173 -150 -81 -48 -95 112 -31 -203 192 -213 -74 75 52 -275 16 -43 -95 -74 55 -173 -20 71 -182 103 -112 112 -223 76 -125 -18 -105 -100 8 -108 37 17 -168 -92 -5 33 -173 75 
-12 -210 87 -83 -15 -160 -62 -35 -54 -112 70 -225 -27 42 -136 2 32 -135 122 -252 -60 -24 114 -110 -95 11 -199 -9 -42 -11 -29 -45 -191 153 -249 64 -32 1 64 -212 -139 37 -52 0 -112 -127 1 40 -76 -33 58 -47 -292 213 -207 138 -342 185 -256 59 -32 -207 139 -74 -183 107 -89 -6 -169 -37 -53 -36 -161 155 -192 -54 -3 -38 -126 -180 77 -172 54 73 -109 -122 -68 67 -80 -83 -62 139 -200 -59 63 -170 74 -16 -37 -181 
-73 -71 -58 -19 -48 -132 169 -131 -35 -66 -200 -90 70 -47 -155 -49 -61 -65 -14 -154 24 33 -46 -150 -50 -30 -152 -54 -24 60 -191 3 -119 -16 8 -174 -29 11 -11 -142 47 -114 -15 -43 -124 -33 68 -217 151 -268 -57 -51 125 -59 -28 -253 21 87 -171 13 -94 -31 -152 -137 -43 9 -162 17 69 -124 -154 26 69 -183 -20 8 -179 -2 -83 -58 12 -273 99 -93 -72 -13 -111 -59 -12 -26 -44 -90 59 -139 -170 7 4 -212 60 -38 
-78 49 -219 80 -261 123 -216 -1 -78 51 -299 30 126 -242 77 -233 147 -201 76 -117 97 -231 -15 24 -217 88 -5 -21 -170 -86 -75 33 -32 -216 85 -126 25 -14 -19 -53 -41 19 -170 -117 -18 73 -261 80 -166 24 -231 -35 164 -213 105 -184 71 -55 -81 9 -92 -138 -36 -190 150 -93 -54 -289 171 -152 -62 -119 28 -76 -160 3 56 -228 82 -98 -43 -117 -48 -163 -40 15 65 -162 -1 -212 -58 -54 39 -43 -275 51 1 -166 -90 -18 
-79 -74 28 -210 -170 114 -186 34 22 -176 10 80 -219 136 -208 91 -111 -176 88 -79 -134 -31 -66 -111 154 -68 -99 64 -190 -29 23 -130 115 -220 100 -97 -36 -30 -295 213 -131 -43 -76 -201 43 -96 -25 -88 -27 33 -141 81 -233 -31 -99 89 -90 -166 2 95 -157 -10 11 -88 1 -118 -131 -29 -129 84 -25 -139 -76 -96 80 -137 15 -27 -49 -181 76 7 -73 -205 -7 -51 32 -111 -54 -84 -101 -32 -170 -90 106 -145 -102 -51 -95 -171 
-16 45 -38 -95 -21 -153 84 -75 -16 -167 44 15 -267 160 -194 71 -245 179 -184 169 -298 77 13 -266 43 -38 -80 -135 0 3 -88 -74 -39 -100 -88 38 -202 43 -78 -43 17 -141 3 4 -183 -6 52 -181 -43 -98 34 -26 -169 112 -181 -105 141 -169 -11 -124 -163 92 -47 72 -186 -141 -4 38 -142 20 -142 -16 -18 -209 -9 -11 -184 -40 -133 37 -111 -63 -148 36 -19 -217 -69 -40 12 7 -79 -152 71 -137 -12 -152 -6 -34 -33 -39 
-38 -13 -39 8 -25 -210 65 -78 -92 -65 19 -246 48 -124 -40 -157 37 37 -85 1 -89 -61 -61 -67 -86 -67 -68 -112 52 -115 27 -19 -40 -19 -82 78 -274 -7 165 -158 -136 -36 -69 108 -95 -64 -94 2 -144 -61 77 -197 -9 -156 -18 -116 20 -164 68 -238 45 -60 -48 -158 -37 -155 87 -124 61 -210 -34 40 -206 -29 28 -116 48 -260 79 61 -262 53 -102 89 -83 -112 -5 -114 -103 102 -55 -92 16 -36 -52 -122 53 -203 -50 40 
-37 -111 -27 -92 -40 -15 -256 -7 -152 59 -13 -152 -2 -187 60 -65 -39 -121 -128 -102 -9 -32 -93 28 -137 -79 -199 93 -51 -93 6 -87 -103 79 -201 -118 100 -131 38 -47 -12 -24 -165 44 -34 -100 -4 -128 -83 -12 4 -86 -77 -15 -175 157 -220 27 23 -63 -185 -30 -103 -20 -69 170 -134 -146 59 -200 190 -142 -107 50 41 -232 -6 -14 -27 -73 -230 155 -51 -165 -123 92 -107 53 -275 139 -101 -74 3 -30 3 -195 52 -124 -24 -80 
-80 -12 -38 -172 27 18 -199 33 -183 31 -70 -76 38 -183 -10 -123 -67 -36 -115 -127 112 -149 -36 -27 -92 -34 -6 -98 -146 -61 -141 -7 -189 196 -288 -22 18 38 -89 -235 96 -90 -75 -141 -45 48 -129 43 -5 -40 -98 -128 54 -12 -138 -23 -220 177 -282 50 -69 -65 -59 83 -217 53 -117 -15 -79 -62 -125 -17 9 93 -262 81 -208 26 -105 -72 29 -104 -21 -28 -74 83 -267 18 -12 -28 -68 -53 -56 -114 -14 44 -243 36 7 -195 
-47 15 -89 2 -128 -40 94 -257 9 -29 -29 -91 37 -104 -83 32 -80 -148 42 -101 28 -21 12 -179 98 -83 6 -116 -122 -124 0 -130 71 -79 44 -130 -144 -47 -24 -55 20 -111 12 -140 -70 8 -81 -108 -90 15 -223 -87 103 -199 114 -193 99 -87 -53 -117 91 -108 -114 -90 46 -97 -137 61 -210 125 -149 -93 125 -142 -221 179 -189 -64 33 -71 -54 -141 -71 -39 -68 -49 -58 -126 64 -240 112 -39 -144 -45 -161 60 -118 -42 -90 24 
-44 1 -216 30 -3 30 14 -173 -72 57 -124 39 -46 -89 -86 7 -55 -80 -195 109 -159 -74 -23 -45 -33 -120 40 -33 33 -139 15 -43 -149 -108 42 -109 109 -182 -160 160 -139 -104 -66 55 -78 -92 -70 -192 -11 -19 -99 83 -127 -75 46 -12 -14 -122 -34 -41 11 -221 -45 -58 -5 -116 -72 18 -24 -169 56 -56 -187 -13 -36 -108 -34 49 -112 -94 -122 -60 42 -255 166 -211 34 -122 -38 -155 -27 32 -273 152 -114 -171 58 70 -257 83 
-47 30 -21 -164 0 -74 -211 205 -69 -261 -3 95 -187 111 -144 72 -123 67 -216 23 -153 -28 -22 21 -58 -161 -23 130 -222 30 -120 50 -18 -207 3 -70 -130 83 -97 -153 -61 -53 -27 14 -5 -45 -166 66 -64 -94 28 -76 -44 36 -307 194 -141 -150 -73 2 -37 32 -12 -178 0 -64 -27 35 -53 -144 -90 142 -189 -103 103 -177 -53 65 -189 -75 70 -153 -29 73 -189 -65 -62 -54 -122 14 27 -103 95 -259 74 28 -233 -101 96 -232 
-28 -138 -133 65 -88 -138 11 -113 -5 -20 -136 -32 -37 -69 36 -74 -136 -34 129 -218 -58 28 -159 -7 -164 9 13 -76 -181 24 -21 -100 79 -197 28 -68 -195 -67 79 -213 -42 115 -65 -84 -116 36 -102 102 -144 -194 156 -119 -61 -147 -105 -131 58 -138 25 -124 -25 -19 -100 -59 -15 19 -58 -238 -110 114 -89 -186 92 -173 70 -189 1 -262 -40 -43 6 -38 -146 139 -209 -48 15 -80 -5 -30 29 -89 12 14 -235 83 -87 -225 142 -160 
-26 -230 -41 34 76 -156 -5 -198 -16 115 -172 -209 58 -97 113 -208 35 -171 103 -284 60 21 -150 95 -159 27 -100 -169 142 -197 35 -224 -107 100 -101 -14 11 -125 -205 134 -214 -11 -28 -160 -30 -91 -85 -23 -93 -99 30 -56 -138 -205 114 -63 -29 12 -178 -82 49 -142 -141 181 -179 -69 49 -136 -28 17 -22 -120 -192 73 -65 -127 24 -62 -178 2 -50 -102 -88 -115 0 -60 -80 20 -94 30 -360 151 -169 80 -14 -259 60 30 -231 -27 
-12 -82 147 -105 -161 36 -86 -54 57 -224 141 -143 -130 40 -176 -10 -134 -43 -145 82 -63 -33 33 -241 38 -117 -32 -4 -94 -29 -27 -147 -54 53 -53 -143 79 -83 -117 28 -155 -141 113 -121 13 -133 41 -34 -128 -27 -51 -125 -49 22 28 -163 -30 -83 -113 -120 -109 -5 -170 13 -56 -22 -195 39 -82 35 -132 31 -39 -72 -147 102 -207 98 -62 -149 -93 -89 108 -298 126 -132 -90 60 -243 39 -93 25 -36 -72 -66 -69 -18 -115 -74 -78 
-93 73 -214 2 -123 -94 128 -123 -66 -77 -16 -123 -59 -48 -115 -30 -36 82 -186 51 -147 -121 51 -126 -87 59 39 -60 -233 143 -282 93 -97 -155 -27 6 -85 -7 -67 -156 -10 43 -78 -51 -66 -85 -9 -129 -6 -84 -100 -42 -29 138 -118 -68 -65 -111 -16 -1 -81 -2 -56 -111 13 -92 12 -131 125 -107 -123 76 -8 -171 45 -21 -4 -213 99 -194 -195 37 24 -170 85 -211 61 -265 92 -103 53 -82 -208 42 -29 -92 -10 -15 -85 -31 
-67 -34 -84 51 -144 49 -102 33 -279 160 -296 123 -97 -8 60 -150 -92 66 -105 -167 84 -133 -48 15 49 -106 -133 -121 50 62 -190 -91 -15 -45 -104 39 -311 202 -171 -102 53 -127 -130 -45 109 -119 27 -216 12 100 -250 -64 -52 20 -79 26 -122 -46 14 -66 -16 -133 -80 -53 -112 -46 49 -43 -4 -172 -15 22 -198 -2 74 -167 102 -122 -1 -52 -71 44 -284 236 -283 27 -23 -134 19 -42 -215 45 -112 -70 116 -198 -35 57 -109 -59 
-20 -86 50 -96 -157 3 -188 7 -33 -124 -41 37 -121 -101 -40 -50 -56 -221 216 -194 111 -218 -33 -126 52 -2 -199 21 27 -108 83 -179 -96 -60 16 -287 63 -83 -58 6 -30 -170 -101 32 -55 -56 -80 -88 -39 -3 -67 -73 -139 -121 -1 -132 15 23 -170 139 -185 -75 -9 -107 -120 204 -215 55 -255 5 111 -143 -110 182 -218 18 -138 119 -158 -22 -82 -46 -10 -137 -136 100 -64 -59 -84 -53 78 -253 69 33 -315 34 -48 -114 80 -18 
-85 -132 -20 -105 56 -207 9 -171 210 -197 68 -193 10 -13 -47 -90 55 -99 -79 -24 -110 37 -122 -75 -58 -63 -27 12 -102 -50 -95 16 -31 -109 -53 25 96 -338 160 -57 -158 -69 -22 87 -231 -34 -27 -15 -39 -107 -41 -25 -174 -87 -8 -102 76 -42 -211 107 -171 -42 24 38 -171 70 -226 93 -166 82 -42 -126 66 -126 -110 16 -99 47 -98 -54 91 -231 156 -276 144 -71 -62 -112 101 -76 -55 -101 -25 -69 -33 103 -175 -32 8 -68 
-26 -57 -33 23 -29 -38 -204 66 -199 11 -71 -250 10 -59 -110 -60 -32 -35 -49 -137 -78 89 -160 15 -62 -192 149 -255 79 -50 -61 -58 40 -89 -157 120 -141 -7 72 -203 -12 -116 68 -177 196 -227 -96 62 -109 24 -222 68 45 -146 -26 25 -223 10 71 -239 -32 72 -124 -52 12 -166 -101 -113 -37 6 -50 -180 161 -313 92 -181 93 -179 113 -156 8 -91 -113 39 -107 -18 -223 8 56 -32 -256 50 -49 -60 -146 6 -158 -31 -139 17 
-78 -210 119 -286 28 33 -148 -33 -51 -205 57 -122 49 -149 24 -127 64 -106 -70 15 -97 -34 -97 81 -189 -47 -15 -286 -2 -103 2 11 -125 -33 -116 -130 -51 214 -148 -220 136 -149 -38 -54 -121 119 -224 44 -52 -1 -76 -76 66 -129 -138 47 -76 -198 175 -153 -133 -68 61 -356 160 -306 158 -72 -91 -92 -67 143 -202 -8 -64 -77 165 -215 69 -106 27 4 -253 219 -280 92 -212 32 -50 -63 51 -143 -43 68 -128 -162 -39 88 -150 80 
-76 -207 -72 -68 -57 34 -108 -119 39 -183 0 -44 -1 -107 -32 -145 -56 -33 -135 -51 -27 -36 -85 -94 0 -14 -260 85 -102 -93 -4 -78 -135 34 -19 -104 -36 -76 -156 133 -59 -137 -105 86 -254 81 -24 -128 -30 -40 53 -148 -76 -59 12 -45 151 -217 -5 -100 -31 -148 -19 71 -13 -217 41 -34 22 -149 -77 -25 -178 63 -70 26 -215 81 -145 -12 -151 -100 -66 29 64 -296 86 52 -309 85 -4 -162 56 -259 108 -33 -32 -91 -159 -95 
-99 61 -148 -63 -29 -143 -8 -2 -83 -58 -229 82 -155 118 -244 -14 25 -142 -68 -75 -37 -159 123 -102 -86 -3 -95 -16 33 -68 -120 -37 -130 -6 -15 -106 -34 -98 -220 174 -200 19 -41 -151 57 -92 -103 -175 -72 -45 -139 96 -183 14 -42 -171 -16 -30 -175 44 37 -58 -152 56 -168 129 -27 -346 239 -272 51 -139 -72 -95 51 -73 -203 49 -223 209 -271 64 -40 -121 36 -169 -31 103 -133 -147 92 -251 20 -119 -49 78 71 -163 -135 67 
-61 79 71 -175 -96 -156 63 -83 45 -108 -71 -38 -125 65 -127 75 -134 166 -330 93 3 -166 -20 112 -203 -58 21 0 -197 -26 -150 60 -183 -72 -66 -143 155 -286 152 -133 -47 -161 97 -198 56 -205 34 54 30 -218 87 -134 39 -145 -50 -189 28 -97 40 -101 25 -85 -54 -150 -135 158 -203 -32 64 -90 -37 -170 22 9 -67 -168 99 -101 -134 -33 -74 33 -4 -56 -155 35 -23 -162 144 -180 -74 61 -133 -35 -109 -172 20 -94 95 -61 
-75 -75 -49 -17 -216 65 -121 -40 -26 -15 -126 -18 -67 -131 -101 133 -275 131 -180 -128 -95 58 -53 -251 86 -193 -94 59 -229 -43 37 -15 -32 -147 -6 -8 -91 -64 59 -75 -116 40 -226 125 -177 50 -121 -35 -48 -177 55 -198 155 -76 -87 73 -333 207 -57 -254 -44 48 -59 -183 17 -150 -55 32 -124 -48 102 -256 81 -160 -171 158 -192 -26 52 -146 -62 -63 -100 25 -179 8 -28 -143 -75 -3 -151 130 -155 -83 -47 -81 22 -129 209 -229 
-53 1 -223 26 18 -215 66 -114 -192 148 -173 -148 97 -119 -1 -85 -25 -225 36 -46 -93 -2 -38 -135 57 12 -194 22 -131 -68 119 -207 -68 -30 -149 177 -311 157 -126 -195 -21 148 -181 -90 23 -114 -116 -188 31 -38 -75 55 -100 133 -236 186 -311 12 -88 -33 -44 -120 -40 75 -102 -134 -89 36 -243 127 -193 15 33 -107 -66 -5 -100 -100 27 -170 49 -193 46 -264 0 92 -65 -31 -177 42 -57 -100 -34 -92 -6 110 -190 -122 61 -75 
-90 72 -171 23 -61 -141 36 -19 -109 -159 157 -246 10 -56 114 -263 127 -212 95 -29 3 -285 14 27 -171 25 -88 -85 -23 63 -164 -101 -132 33 -58 -56 17 -131 -135 -24 -64 -126 175 -327 193 -272 136 -101 -131 -36 -189 127 -280 92 -78 -147 112 -121 -95 15 0 -95 -142 67 -12 -112 -128 12 -62 84 -349 115 -154 102 -139 -189 88 -15 -16 -222 123 -293 130 -161 54 -203 -17 34 -21 -227 116 -344 65 -117 -74 79 -224 81 -122 36 
-26 -165 13 11 -204 79 -117 -48 -54 -89 -115 124 -180 -119 -54 63 -137 115 -132 34 -202 53 -148 35 -184 -77 151 -224 65 -56 -128 -114 69 -57 29 -367 179 -59 -91 -28 4 -275 182 -102 10 -126 -42 -24 -238 73 -106 -132 -41 -137 119 -196 -39 -47 -194 120 -202 91 -33 -192 -79 60 -65 -98 51 -181 104 -107 -168 73 -128 -28 45 -75 -85 46 -180 214 -286 91 -9 -111 -156 -67 105 -179 70 -59 -65 -97 55 -246 10 39 -155 17 
-65 114 -102 -136 37 -88 -58 -33 -38 44 -159 -7 -13 20 -252 75 -240 152 -129 54 -188 109 -135 35 -202 37 -12 -221 -47 33 -47 -89 -15 -56 -58 -75 -112 38 36 -76 -115 12 -87 6 -139 -16 -118 -18 89 -134 -42 -81 68 -148 -140 153 -151 -115 79 -186 -48 -86 40 -71 -199 173 -231 -11 16 -234 119 -113 -58 -96 -21 -69 12 -159 -29 8 -93 119 -191 -97 -37 2 -74 -109 -40 -33 -139 79 -236 36 -72 -229 72 -73 -31 91 
-69 64 -79 -134 -53 -28 -196 -17 99 -156 -40 -228 34 -90 -40 -103 56 -200 -35 -13 61 -122 35 -224 0 43 -177 -65 -48 -65 -127 70 -157 -47 -61 -24 -6 -108 -35 3 -179 36 -91 80 -246 88 -24 -108 -43 -152 -35 31 -125 -36 -8 -180 77 -48 27 -350 83 -3 -216 -9 183 -231 35 -172 -100 -29 -70 89 -76 -187 103 -176 -63 93 -230 -61 105 -137 -94 -44 -8 -84 6 -56 -112 -82 -128 -85 -60 118 -229 37 -123 -46 -22 42 
-21 -170 -34 0 -185 128 -183 51 -168 36 -184 197 -244 -98 -21 -1 -46 -101 28 -192 37 31 -124 -7 -76 48 -196 71 41 -294 40 13 -1 -70 -63 -203 146 -224 16 -155 98 -109 -106 78 -150 -59 -62 -134 -14 -86 27 -152 42 -127 144 -170 -19 -5 -154 -75 98 -96 -88 -160 71 -160 62 -4 -359 195 -93 -126 -163 -40 18 -147 -250 39 -99 -64 24 -219 5 -21 -78 -111 -6 -40 -178 104 -58 -117 76 -151 -141 115 -139 -157 101 -187 
-14 -291 151 -253 26 -137 62 -131 1 -105 31 -96 -127 -51 42 -229 57 -93 19 -139 -143 105 -113 -92 107 -223 -63 49 -107 102 -70 -120 -15 -15 -197 44 -99 97 -236 22 -33 -63 -23 -116 6 -91 -51 -107 -41 -78 -108 -114 -18 -26 -249 27 -122 88 -220 153 3 -300 24 50 -213 33 -60 -98 12 -73 -154 -59 31 -112 -140 82 -120 -182 60 -21 -73 -139 39 -1 -122 -51 -27 -86 -181 110 -172 9 -146 -100 29 25 -23 -95 -52 -166 
-43 91 -128 -49 -72 10 -74 -143 46 -113 98 -221 -78 39 -18 -206 -59 -101 -54 -8 -128 -140 37 -193 173 -132 -22 -122 -78 120 -82 -144 108 -163 -115 169 -187 33 -16 -129 -81 -158 103 -127 -135 91 -81 -161 -73 -74 -9 -86 -132 -12 -19 -159 106 -77 -27 49 -274 58 -138 -4 -7 -17 -143 10 118 -212 -5 -161 197 -173 -86 -31 -17 -174 -85 13 -203 -48 -24 54 -212 8 -72 -152 0 -115 -128 -52 -26 -137 7 -179 55 93 -159 47 
-67 -12 -177 79 11 -194 -77 83 -200 -65 -28 -88 -56 -111 -111 131 -167 -82 -73 -60 52 -149 78 -111 -160 45 15 -95 -94 -251 195 -110 -114 -23 -42 42 -71 -347 88 -11 -161 39 -38 -242 175 -52 -121 -40 -74 -41 -8 -94 80 -226 105 -28 -161 -130 -67 20 -122 -60 100 -247 6 -39 5 17 -98 -93 -58 17 -115 51 -72 -267 87 -77 -35 -146 -119 -90 14 -1 -68 -49 -15 -7 71 -129 -181 79 -150 -23 -47 -163 -65 74 -137 -29 
-18 -163 43 -267 241 -256 -93 48 -42 -2 -164 -66 8 -137 29 -10 -27 -33 -91 -125 79 -182 11 -218 49 -192 -8 48 -77 -245 63 -37 -214 9 48 -144 70 -55 -144 59 -144 155 -272 2 117 -163 -182 115 30 -112 -201 32 -95 30 -187 148 -248 22 -153 65 -19 -71 -144 -18 10 -80 -9 -197 87 49 -141 -59 -61 -103 52 -71 -12 -8 -55 -209 -88 -6 -112 25 35 -132 63 -163 96 -97 -92 109 -203 19 -73 86 -86 -140 49 -141 
-86 -2 -130 -64 -166 59 -165 -39 -3 -25 -181 133 -43 -96 -137 -2 12 -34 -36 -217 -34 84 -309 90 46 -111 -67 -83 -78 150 -156 -148 116 -144 -83 -89 -20 78 -9 -219 38 -28 -288 162 -46 -192 27 -97 -100 -78 -16 -73 -150 -49 -24 -187 218 -254 -11 -32 -204 44 -115 35 -34 -36 -171 -161 8 -55 26 -35 -66 -172 50 1 -82 2 -87 -75 -98 61 6 -274 -37 83 -191 -33 -41 -187 254 -258 60 -53 -88 -116 110 -244 78 -86 
-22 -36 -94 125 -153 -55 21 -188 -25 1 64 -243 50 30 -95 -158 60 20 -154 107 -190 36 -48 117 -175 -48 -19 -160 -32 125 -174 -63 -117 -11 -133 -94 -29 -77 137 -136 17 -184 14 -15 -220 -23 126 -145 -14 -146 115 -197 -66 -10 -60 -182 28 -45 114 -228 2 -133 84 -61 -160 -147 61 10 -163 49 -129 108 -232 127 -161 -62 -6 -119 0 -71 39 -202 137 -213 5 -42 -168 173 -206 -35 4 -46 -75 -10 -97 -201 17 90 -107 -111 
-14 -138 111 -73 -141 -73 69 -59 -140 62 -156 -58 -209 5 123 -118 -159 -44 -95 -9 58 -258 141 -217 54 -97 -125 62 7 -91 -15 12 -83 -198 2 23 -138 33 -129 -40 -85 -56 40 -139 -104 109 -88 -33 -99 -1 -82 -156 2 -141 -101 16 -191 84 -45 -195 69 -202 18 -75 -152 -12 -42 83 -52 -206 65 -83 -29 107 -228 38 -167 -71 38 -132 100 -227 -40 -26 40 -319 103 -103 -103 29 -152 -40 117 -232 75 -95 -169 118 -149 -113 
-31 -79 45 31 -73 -140 95 -13 -179 -7 -141 30 -32 -6 -133 65 -165 10 -45 -104 79 -90 -18 -68 -104 11 -96 144 -212 -97 43 -114 134 -147 -172 -57 -85 1 21 -216 52 -54 1 -141 83 -1 -342 222 -292 56 11 -133 -71 -83 55 -154 33 -200 -60 22 53 -113 -79 -63 -99 82 -69 -72 31 -149 -107 -69 129 -119 -115 137 -332 129 -104 -40 6 77 -242 107 -217 -28 99 -221 -36 -77 58 -155 31 -109 -75 7 -25 -181 -77 135 
-85 -107 -26 -196 73 -123 -55 -177 156 -177 -48 -98 31 26 -319 -56 153 -198 -11 -75 -8 25 -187 69 -147 -58 145 -265 -48 11 -36 24 -202 119 -37 -164 -31 -45 -94 -21 -126 40 -61 -126 2 -180 47 -118 -9 -170 3 41 -73 -102 10 -199 -57 -139 68 -82 -82 164 -311 26 6 -91 -77 -92 -25 29 -137 -36 -8 -151 66 -164 125 31 -269 113 -277 67 -165 143 -258 60 -27 -74 -219 -61 -84 90 -189 77 -195 -36 -49 -80 -205 69 
-88 10 -125 -143 64 15 -182 18 -33 -150 -4 21 -141 -123 -75 74 -84 -216 73 -26 -160 28 -92 -116 50 -60 -127 -138 84 -105 -115 -45 -59 -191 194 -242 50 -22 -339 82 -61 -63 32 -33 -170 -84 75 -263 157 -22 -314 65 -63 35 -281 117 -130 -70 -1 -120 33 -15 -124 37 -4 -74 -201 42 14 -105 -25 -38 -34 -143 111 -259 189 -246 -88 50 -82 -36 54 -245 152 13 -365 199 -190 72 -63 -61 -135 -58 -50 -23 -119 -23 -81 -85 
-81 144 -171 -14 -91 -89 -99 106 -197 -36 135 -184 -96 -50 -51 133 -234 -83 -45 4 -227 15 22 -22 -199 187 -240 20 -134 -13 -110 -107 94 -99 -59 -107 39 -30 -113 8 81 -227 -104 95 -140 151 -188 -8 31 -22 -40 -61 -131 21 -195 93 -27 -99 -206 -21 36 -241 55 -6 -121 61 -240 206 -257 61 -124 -46 -37 128 -244 10 -132 71 -43 -80 -41 -91 -3 -129 -49 74 -247 -114 74 -71 -49 -98 23 -3 5 -134 -9 -188 162 -124 
-35 -179 61 14 -144 -48 -78 -25 -42 26 -122 -25 85 -89 -41 -70 17 0 -49 -227 79 -57 -171 5 -153 86 -59 -140 -42 -116 -94 57 -147 11 -103 -17 -170 -7 -66 -23 -85 -92 -60 -114 169 -169 6 51 -253 -21 -38 24 4 -212 -12 -51 -173 104 -147 5 45 -150 122 -181 -37 -80 33 2 -273 -75 -28 76 -252 169 -271 119 -236 143 -208 -16 -59 -88 -60 101 -189 -151 234 -293 16 -82 60 -101 36 -71 -70 20 -193 -3 -97 -187 
-40 -208 33 -83 -129 98 -125 -108 -26 -4 -212 75 76 -310 221 -235 -127 186 -208 5 4 -34 -185 10 82 -220 -37 -74 21 -124 -118 17 -198 43 -94 -31 -130 -113 -89 16 -81 -1 -115 -153 39 -122 124 -266 -57 80 -185 -11 24 74 -230 12 -132 49 -19 -84 -234 22 -30 -189 173 -208 160 -347 19 -11 -70 -59 -46 -94 -40 -22 2 -227 -76 5 23 -194 42 -220 100 -217 69 -117 -98 -49 -40 -102 -170 1 -195 230 -156 -156 32 -180 
-75 6 -19 -48 -101 6 37 -237 109 -104 -206 23 -125 -41 91 -63 -131 -89 -111 114 -66 -29 -181 -37 -48 -184 126 12 -148 -34 -153 -26 -91 32 -157 -49 -38 -237 99 -23 -209 150 -255 -23 -90 25 -127 -69 67 -107 -9 -67 -132 15 -23 -200 -24 -98 -121 -36 -130 -58 -112 42 -13 -39 14 -118 -12 -131 -99 -78 30 -234 210 -96 -87 -90 -63 -13 -70 61 -159 -4 -34 3 -178 -59 -76 -60 -80 32 -129 -69 50 -162 157 -228 16 10 
-89 217 -322 35 41 -266 36 -49 -43 -199 145 -177 -39 134 -322 56 -98 -80 57 -92 -136 -68 9 -54 100 -142 9 -77 63 -178 141 -299 136 -87 -68 30 -83 -152 82 -95 -44 -131 -90 -7 -116 -174 -69 170 -89 -300 123 -68 -74 -209 186 -188 -3 -224 75 -85 44 -151 -33 -156 -49 -79 -100 22 -55 -205 105 -4 -152 2 -151 94 -141 -16 -39 -1 -255 127 -211 5 -114 -90 -49 63 -93 -193 -60 -109 79 -39 53 -309 -103 138 -207 21 
-84 24 -104 21 -143 56 -109 67 -258 60 75 -182 -139 149 -232 -11 -13 42 -82 -86 -180 -30 89 -101 -45 -56 -240 55 -64 -74 99 -244 106 -110 -55 -105 -27 44 -154 -210 187 -141 -18 -124 -36 -141 156 -256 32 -93 -64 -25 46 -40 -157 8 14 -97 33 -154 -137 116 -145 -136 19 -42 -36 -128 70 -143 91 -200 33 8 -267 44 -5 -147 -11 2 -61 -140 36 -172 46 -12 -128 -148 67 -187 -26 -80 7 -175 27 -123 -128 53 30 -158 
-25 -128 -118 83 -220 56 -121 -110 -112 25 -179 156 -126 -167 55 -51 26 -138 -165 68 -76 -159 65 -73 -136 -17 -37 -126 -91 8 -151 105 -33 -237 25 -51 -43 8 -88 -6 38 -46 -9 -96 -123 41 -30 -173 -87 125 -287 133 -184 -25 -116 48 -86 41 -123 -27 -70 -51 -130 114 -154 111 -78 -211 -29 -63 -87 -23 -21 -234 217 -265 75 -242 66 -74 -52 -133 65 -201 -101 -54 -38 -40 -34 -133 -36 -57 -77 -61 -163 25 115 -120 -223 -53 
-75 -51 -25 -148 92 -171 -29 -172 176 -228 -52 21 12 -143 1 92 -201 -48 -25 94 33 -144 -38 -85 -35 -63 11 -123 -92 68 -226 148 -187 -14 -152 -6 -11 -175 116 -1 -88 -179 11 105 -200 -22 -123 62 -89 -23 -101 105 -202 24 -72 24 -255 -3 -110 29 62 -368 121 -123 3 -98 -34 -36 -216 87 -63 -118 -10 -210 246 -226 -26 -37 -90 3 -164 67 -159 81 -140 -110 12 53 -214 152 -203 -106 27 66 -324 241 -146 -117 -186 118 
-24 -155 76 -161 -24 32 -117 -67 -94 -39 -7 -107 -123 -17 9 -25 -52 -28 47 -277 89 -3 -179 -93 -158 216 -337 156 -175 72 -76 -154 -95 -1 40 -158 -110 49 -145 27 -197 4 63 -178 -19 -29 -144 -5 70 -166 33 -173 -30 -44 -20 -168 -35 -39 -83 -66 -84 30 -218 100 -232 48 -139 89 -190 -24 47 -96 -115 29 -219 181 -122 -2 -82 -106 45 33 -226 28 -60 -121 -112 -53 -62 -49 -122 -77 -56 -5 -132 -9 -95 3 24 -92 
-54 -69 -42 -5 -74 51 -173 67 -86 -60 -121 -72 -91 -18 -62 -165 40 -22 -187 -83 -9 30 -133 77 -53 -89 -143 -14 15 -103 -101 -106 13 -20 -19 -202 -8 -8 -184 94 -277 138 -23 -180 103 -128 -135 10 -75 48 33 -310 135 -143 37 8 -137 140 -315 128 -145 6 -146 144 -208 -44 -29 -31 -139 123 -302 192 -186 75 -227 -65 74 -69 49 -169 28 -162 25 25 -256 109 -190 -8 -41 -90 -31 71 -257 -64 96 -56 -168 57 -64 -12 
-70 -24 -221 -29 -31 -212 202 -153 26 -247 -92 36 -50 -16 -140 -46 -21 -97 -15 67 -61 -60 12 -95 138 -304 117 -160 -87 -204 53 15 -141 -45 -48 -116 53 -200 139 -204 3 -93 -131 101 -110 -10 -61 -21 -91 -33 -39 -94 -44 -165 -145 1 -36 -37 -149 -15 -127 -80 202 -402 279 -330 102 -133 24 31 -195 23 -115 69 -148 -119 37 -139 5 29 -28 -25 -62 -41 22 -69 110 -186 -145 45 -59 -50 -12 -162 -92 85 -159 -178 112 -80 
-87 -85 -193 -86 115 -131 45 -140 -108 -97 18 -1 8 -151 -94 -63 37 -101 -9 47 -151 -120 144 -63 -41 -200 131 -147 -93 -15 -108 -3 -82 52 -241 96 -49 7 -169 -109 47 83 -255 190 -294 121 -206 -93 -34 -37 -66 -23 -189 9 91 -181 88 -239 1 3 -279 146 -6 -85 -165 34 -119 -41 102 -161 124 -218 80 -128 -94 135 -92 -57 27 -156 -66 9 0 -112 23 -190 40 -42 -148 -41 -54 -182 68 -44 -189 -42 66 -223 120 -198 
-27 -209 223 -196 -25 -85 -212 6 -125 211 -143 -189 80 -263 140 -54 -86 8 -156 -138 -10 82 -187 85 -180 10 -111 -49 110 -24 -190 -140 -65 159 -186 1 -102 -109 44 -46 -57 -52 47 -327 152 -206 120 -142 -48 -102 117 -161 -119 83 -88 -104 -160 -34 26 -89 -135 -89 -33 91 -250 69 -206 -82 36 -68 -103 6 -3 -136 -37 48 -240 -72 -43 -14 -84 8 -88 -43 -165 91 -163 83 -45 -157 -116 -63 -8 -140 257 -282 -14 -24 -85 21 
-50 86 -70 -52 -195 111 -162 52 -85 -22 -116 -126 -1 -121 -36 2 -130 -82 55 -192 -94 99 -160 50 -137 104 -166 -1 -24 -85 -10 -137 -80 -178 138 -46 -167 -128 39 -177 77 -191 37 -148 64 -246 207 -197 61 -94 -102 -39 -83 25 -195 -67 -9 -121 211 -243 44 -42 -158 -119 -24 -32 -19 -188 -27 30 -204 203 -254 64 -120 -94 -97 71 -120 -35 -96 -8 -151 -24 -120 82 -244 -19 47 -250 146 -224 97 -222 99 -86 -87 89 -318 34 
-93 104 -239 21 -117 -21 32 -135 48 -99 -128 113 -301 182 -165 -87 91 -101 -87 -40 42 -112 -44 -10 -108 -40 -52 10 -133 -139 -80 -13 110 -251 13 -103 -29 34 -13 -58 -71 10 -119 -67 -40 18 -189 95 -59 -48 -38 -96 73 -169 18 -16 -135 -88 -176 7 34 -93 -127 43 -80 -2 -175 -2 41 -193 52 -99 -101 8 87 -176 -110 31 -41 -214 -46 41 -94 -106 90 -183 -17 -80 -127 -43 -58 50 -148 -43 -256 60 39 -101 -71 -57 
-22 -179 -69 -64 95 -241 -41 -72 72 -136 -53 -2 -184 26 -83 -23 -55 -89 -55 -96 -86 -82 7 -268 43 -18 -37 -173 63 -104 -156 146 -236 71 -263 145 -146 18 -55 -28 -113 -45 -59 -93 -60 -40 -191 76 -147 36 -157 123 -135 -16 -30 -34 -86 104 -200 -38 28 -45 -133 -39 51 -61 -193 5 -11 -227 -13 -70 98 -175 138 -168 -35 -134 -8 22 -28 -202 -45 -63 49 -307 181 -220 47 82 -376 163 -150 62 -138 -13 -118 65 -97 -107 
-58 -55 65 -176 -133 26 -138 28 -191 -65 97 -214 81 -140 -92 30 -113 -170 128 -55 -161 34 -26 -92 5 36 -6 -132 -42 -68 149 -56 -230 -1 -128 119 -197 65 -264 7 102 -100 -199 112 -156 -162 137 -270 -63 46 -143 144 -157 8 -194 -49 25 -54 -55 29 -152 -64 31 -89 -35 -53 42 -65 -214 54 -61 -215 264 -227 -110 -42 4 -69 -50 44 21 -161 -140 135 -266 50 -20 -68 -24 -102 -65 -181 61 -157 -53 5 -216 19 37 -69 
-13 -57 99 -42 -220 79 -34 40 -285 100 -16 -260 15 -140 134 -235 91 -45 30 -72 -68 31 -197 48 -58 -84 -43 -100 40 -121 108 -196 3 -158 74 -255 219 -93 -150 13 42 -121 -129 120 -188 91 -33 -169 47 -230 104 -217 63 -194 -79 -2 19 -134 -25 -217 73 -188 92 -68 -161 47 -149 -8 -23 -164 9 -127 -13 51 -145 -28 12 -33 -32 -215 61 -54 -88 8 -182 65 -79 -8 -227 -132 88 22 -207 15 67 -199 -18 -90 40 -130 
-79 -31 -235 114 -87 -72 -161 -92 157 -183 -110 75 -113 -71 -16 -100 -33 124 -204 -100 13 -176 66 -193 57 -189 -6 26 -148 -5 -67 -128 28 -3 -62 -179 19 -173 -1 -43 -59 -85 132 -228 46 -88 -163 136 -140 -46 -25 -111 -161 47 51 -77 -274 136 -63 -196 -42 67 -257 29 37 -195 46 -32 -33 -18 -40 31 -143 -28 -74 -58 28 -163 -74 -157 43 -200 174 -152 2 -70 -187 33 -88 12 9 -79 -16 -144 30 -193 -17 93 -231 -43 
-52 -36 -135 -161 181 -231 106 -172 126 -223 -35 54 -52 -76 -255 101 -95 -78 -1 -237 64 -41 -67 -25 -66 -105 40 -45 -76 -1 -135 35 -114 40 -109 -86 -29 -110 31 -128 -107 54 75 -222 10 -83 -87 -39 38 -112 -126 20 -69 2 6 -183 -94 36 15 121 -278 46 -85 -27 -95 -5 -28 -99 -55 -53 -85 91 -123 -56 10 -100 -68 7 -167 213 -265 37 75 -370 168 -50 -242 91 -90 6 -135 -231 119 -74 -180 -8 -5 -71 -108 102 
-61 -210 140 -151 2 -125 -47 -104 -62 -100 -18 -88 -87 -81 -22 -126 -102 -26 -122 140 -173 12 -297 118 -200 -3 -10 -193 8 35 -283 71 -62 -28 1 -128 -72 1 2 -78 -125 -168 -108 69 -217 100 -60 -220 -23 3 -84 7 -10 -66 -195 53 -2 -96 -37 79 -117 -162 193 -270 1 39 -229 22 -94 -183 122 -107 -85 -23 -4 44 -240 11 53 -210 -34 59 -193 -96 89 -168 171 -140 -148 -41 -24 -24 -169 15 -99 6 -154 -106 164 -130 
-24 -91 -48 36 -111 83 -154 -7 -77 52 -129 -68 -125 -33 136 -57 -109 21 -93 67 -112 -129 27 -113 -185 58 -309 191 -208 3 -64 -16 3 -179 8 -78 -162 118 -52 -52 3 -223 25 -41 33 -123 24 -4 -232 107 -43 -194 -112 -4 -43 -47 -75 -17 -58 -176 89 -152 12 -49 105 -200 -59 103 -315 162 -193 -131 -17 8 -8 -111 72 -112 77 -215 60 -127 -119 135 -165 15 86 -291 92 -108 -22 21 -123 -267 61 -86 -23 -220 231 -183 
-88 252 -251 -40 88 -123 87 -112 -133 -14 -64 -65 67 -131 -104 71 -168 -30 -45 -130 1 -97 67 -89 -50 -40 -196 -7 -99 -3 35 -204 7 -40 -56 -68 -126 96 -152 -38 -154 51 -108 -31 -38 -111 -72 -33 13 -102 29 -136 -8 -170 175 -246 -44 -139 -56 -33 -93 57 -190 173 -56 -148 54 -140 76 -83 -252 -52 102 -182 20 -146 -31 -28 -56 40 -81 -262 158 -218 30 35 -102 -167 158 -144 -166 103 -145 -12 -47 0 -8 -59 -341 49 
-89 42 -98 -9 -69 -163 -121 9 34 -102 -120 39 16 4 -235 -63 -18 118 -38 -95 94 -149 -66 -61 -24 -103 33 -103 71 -311 125 -228 2 30 -34 -78 -39 -53 -103 -38 -7 -6 -65 -5 -105 -85 24 -110 57 -66 -31 -130 47 -163 -64 -112 -66 11 -65 -87 -25 -94 -87 30 -148 -81 69 -112 86 -129 53 -101 -136 39 -205 59 -187 -16 -67 95 -77 -130 -71 -85 -27 -183 -10 58 -126 -78 -46 -68 -80 48 30 -189 -132 118 -231 89 
-23 -180 42 -8 -101 -53 -213 51 30 -133 -111 -28 -31 -13 -100 -172 46 3 -10 -72 -48 -115 -75 -80 -124 19 -92 63 4 -280 -66 23 -100 -58 45 -143 32 -101 -27 -150 97 -156 12 -144 -49 -191 52 -132 -75 18 -61 -191 93 -113 -19 -135 -51 43 -17 -226 0 -156 -44 -22 -193 -32 8 -22 -105 21 37 -94 -225 125 -152 -75 -81 5 -149 139 -122 7 -211 91 -127 -120 -24 135 -255 8 -22 -175 -46 -38 58 -173 -127 60 -5 -15 
